stationcode,longitude,latitude,PM10,PM25,F-,Cl-,NO3-,SO42-,Ca2+,Na+,K+,NH4+,Mg2+,OC,EC,Hg,Br,As,Si,Ca,Ba,Sc,Pd,Co,K,Pb,TI,Cu,Al,Cs,Ag,Zn,Cd,Ga,Se,Cr,Ni,Fe,Mn,Ti,Sb,Sn,V,Mo,Te
110000006,116.041,39.597,-999.0,-999.0,-999.0,-999.0,-999.0,-999.0,-999.0,-999.0,-999.0,-999.0,-999.0,-999.0,-999.0,-999.0,-999.0,-999.000,-999.0,-999.0,-999.0,-999.0,-999.000,-999.000,-999.0,-999.000,-999.0,-999.000,-999.0,-999.0,-999.0,-999.000,-999.000,-999.0,-999.000,-999.000,-999.000,-999.000,-999.000,-999.000,-999.000,-999.000,-999.000,-999.000,-999.000
371500001,115.974,36.493,-999.0,-999.0,-999.0,-999.0,-999.0,-999.0,-999.0,-999.0,-999.0,-999.0,-999.0,10.36558,3.87958,-999.0,-999.0,-999.000,-999.0,-999.0,-999.0,-999.0,-999.000,-999.000,-999.0,-999.000,-999.0,-999.000,-999.0,-999.0,-999.0,-999.000,-999.000,-999.0,-999.000,-999.000,-999.000,-999.000,-999.000,-999.000,-999.000,-999.000,-999.000,-999.000,-999.000
150100001,111.752,40.841,-999.0,-999.0,-999.0,-999.0,-999.0,-999.0,-999.0,-999.0,-999.0,-999.0,-999.0,-999.0,-999.0,-999.0,-999.0,-999.000,-999.0,-999.0,-999.0,-999.0,-999.000,-999.000,-999.0,-999.000,-999.0,-999.000,-999.0,-999.0,-999.0,-999.000,-999.000,-999.0,-999.000,-999.000,-999.000,-999.000,-999.000,-999.000,-999.000,-999.000,-999.000,-999.000,-999.000
1320100001,118.754,32.055,-999.0,-999.0,-999.0,-999.0,-999.0,-999.0,-999.0,-999.0,-999.0,-999.0,-999.0,-999.0,-999.0,-999.0,-999.0,-999.000,-999.0,-999.0,-999.0,-999.0,-999.000,-999.000,-999.0,-999.000,-999.0,-999.000,-999.0,-999.0,-999.0,-999.000,-999.000,-999.0,-999.000,-999.000,-999.000,-999.000,-999.000,-999.000,-999.000,-999.000,-999.000,-999.000,-999.000
410200001,114.331,34.761,-999.0,-999.0,-999.0,-999.0,-999.0,-999.0,-999.0,-999.0,-999.0,-999.0,-999.0,-999.0,-999.0,-999.0,-999.0,-999.000,-999.0,-999.0,-999.0,-999.0,-999.000,-999.000,-999.0,-999.000,-999.0,-999.000,-999.0,-999.0,-999.0,-999.000,-999.000,-999.0,-999.000,-999.000,-999.000,-999.000,-999.000,-999.000,-999.000,-999.000,-999.000,-999.000,-999.000
140100002,112.482,37.719,-999.0,-999.0,-999.0,-999.0,-999.0,-999.0,-999.0,-999.0,-999.0,-999.0,-999.0,17.34100,7.56800,-999.0,-999.0,-999.000,-999.0,-999.0,-999.0,0.00291,-999.000,-999.000,-999.0,-999.000,-999.0,-999.000,-999.0,-999.0,-999.0,-999.000,-999.000,-999.0,-999.000,-999.000,-999.000,-999.000,-999.000,-999.000,-999.000,-999.000,-999.000,-999.000,-999.000
340100001,117.117,31.470,-999.0,-999.0,-999.0,-999.0,-999.0,-999.0,-999.0,-999.0,-999.0,-999.0,-999.0,-999.0,-999.0,-999.0,-999.0,-999.000,-999.0,-999.0,-999.0,-999.0,-999.000,-999.000,-999.0,-999.000,-999.0,-999.000,-999.0,-999.0,-999.0,-999.000,-999.000,-999.0,-999.000,-999.000,-999.000,-999.000,-999.000,-999.000,-999.000,-999.000,-999.000,-999.000,-999.000
410300001,112.419,34.613,-999.0,-999.0,0.22400,9.61500,57.63700,9.51200,1.57100,1.06200,3.28500,21.40400,0.20100,24.93200,6.47300,-999.0,-999.0,-999.000,-999.0,-999.0,-999.0,-999.0,-999.000,-999.000,-999.0,-999.000,-999.0,-999.000,-999.0,-999.0,-999.0,-999.000,-999.000,-999.0,-999.000,-999.000,-999.000,-999.000,-999.000,-999.000,-999.000,-999.000,-999.000,-999.000,-999.000
610100002,108.935,34.347,-999.0,-999.0,0.89100,7.45500,35.39900,10.53900,0.76500,0.88800,0.40500,17.94600,0.11600,26.24000,6.77100,-999.0,-999.0,-999.000,-999.0,-999.0,-999.0,-999.0,-999.000,-999.000,-999.0,-999.000,-999.0,-999.000,-999.0,-999.0,-999.0,-999.000,-999.000,-999.0,-999.000,-999.000,-999.000,-999.000,-999.000,-999.000,-999.000,-999.000,-999.000,-999.000,-999.000
1320300001,117.256,34.215,-999.0,-999.0,-999.0,-999.0,-999.0,-999.0,-999.0,-999.0,-999.0,-999.0,-999.0,-999.0,-999.0,-999.0,-999.0,-999.000,-999.0,-999.0,-999.0,-999.0,-999.000,-999.000,-999.0,-999.000,-999.0,-999.000,-999.0,-999.0,-999.0,-999.000,-999.000,-999.0,-999.000,-999.000,-999.000,-999.000,-999.000,-999.000,-999.000,-999.000,-999.000,-999.000,-999.000
130600003,115.482,38.926,-999.0,-999.0,-999.0,-999.0,-999.0,-999.0,-999.0,-999.0,-999.0,-999.0,-999.0,-999.0,-999.0,-999.0,-999.0,-999.000,-999.0,-999.0,-999.0,-999.0,-999.000,-999.000,-999.0,-999.000,-999.0,-999.000,-999.0,-999.0,-999.0,-999.000,-999.000,-999.0,-999.000,-999.000,-999.000,-999.000,-999.000,-999.000,-999.000,-999.000,-999.000,-999.000,-999.000
130500001,114.482,37.066,-999.0,-999.0,-999.0,-999.0,-999.0,-999.0,-999.0,-999.0,-999.0,-999.0,-999.0,-999.0,-999.0,-999.0,-999.0,-999.000,-999.0,-999.0,-999.0,-999.0,-999.000,-999.000,-999.0,-999.000,-999.0,-999.000,-999.0,-999.0,-999.0,-999.000,-999.000,-999.0,-999.000,-999.000,-999.000,-999.000,-999.000,-999.000,-999.000,-999.000,-999.000,-999.000,-999.000
110000005,116.326,39.521,-999.0,-999.0,-999.0,-999.0,-999.0,-999.0,-999.0,-999.0,-999.0,-999.0,-999.0,-999.0,-999.0,-999.0,-999.0,-999.000,-999.0,-999.0,-999.0,-999.0,-999.000,-999.000,-999.0,-999.000,-999.0,-999.000,-999.0,-999.0,-999.0,-999.000,-999.000,-999.0,-999.000,-999.000,-999.000,-999.000,-999.000,-999.000,-999.000,-999.000,-999.000,-999.000,-999.000
1640100001,106.225,38.489,-999.0,-999.0,-999.0,-999.0,-999.0,-999.0,-999.0,-999.0,-999.0,-999.0,-999.0,-999.0,-999.0,-999.0,-999.0,-999.000,-999.0,-999.0,-999.0,-999.0,-999.000,-999.000,-999.0,-999.000,-999.0,-999.000,-999.0,-999.0,-999.0,-999.000,-999.000,-999.0,-999.000,-999.000,-999.000,-999.000,-999.000,-999.000,-999.000,-999.000,-999.000,-999.000,-999.000
130700002,114.904,40.769,-999.0,-999.0,-999.0,-999.0,-999.0,-999.0,-999.0,-999.0,-999.0,-999.0,-999.0,-999.0,-999.0,-999.0,-999.0,-999.000,-999.0,-999.0,-999.0,-999.0,-999.000,-999.000,-999.0,-999.000,-999.0,-999.000,-999.0,-999.0,-999.0,-999.000,-999.000,-999.0,-999.000,-999.000,-999.000,-999.000,-999.000,-999.000,-999.000,-999.000,-999.000,-999.000,-999.000
141000001,111.526,36.063,-999.0,-999.0,0.04700,23.05800,29.46700,31.34800,2.94300,3.40200,4.37400,32.36200,0.37100,46.93200,19.25200,-999.0,-999.0,-999.000,-999.0,-999.0,-999.0,-999.0,-999.000,-999.000,-999.0,-999.000,-999.0,-999.000,-999.0,-999.0,-999.0,-999.000,-999.000,-999.0,-999.000,-999.000,-999.000,-999.000,-999.000,-999.000,-999.000,-999.000,-999.000,-999.000,-999.000
1411200001,111.278,34.716,-999.0,-999.0,-999.0,-999.0,-999.0,-999.0,-999.0,-999.0,-999.0,-999.0,-999.0,-999.0,-999.0,-999.0,-999.0,-999.000,-999.0,-999.0,-999.0,-999.0,-999.000,-999.000,-999.0,-999.000,-999.0,-999.000,-999.0,-999.0,-999.0,-999.000,-999.000,-999.0,-999.000,-999.000,-999.000,-999.000,-999.000,-999.000,-999.000,-999.000,-999.000,-999.000,-999.000
130300002,119.584,39.955,-999.0,-999.0,-999.0,-999.0,-999.0,-999.0,-999.0,-999.0,-999.0,-999.0,-999.0,-999.0,-999.0,-999.0,-999.0,-999.000,-999.0,-999.0,-999.0,-999.0,-999.000,-999.000,-999.0,-999.000,-999.0,-999.000,-999.0,-999.0,-999.0,-999.000,-999.000,-999.0,-999.000,-999.000,-999.000,-999.000,-999.000,-999.000,-999.000,-999.000,-999.000,-999.000,-999.000
140500001,112.857,35.488,-999.0,-999.0,-999.0,-999.0,-999.0,-999.0,-999.0,-999.0,-999.0,-999.0,-999.0,-999.0,-999.0,-999.0,-999.0,-999.000,-999.0,-999.0,-999.0,-999.0,-999.000,-999.000,-999.0,-999.000,-999.0,-999.000,-999.0,-999.0,-999.0,-999.000,-999.000,-999.0,-999.000,-999.000,-999.000,-999.000,-999.000,-999.000,-999.000,-999.000,-999.000,-999.000,-999.000
140300001,113.589,37.848,-999.0,-999.0,-999.0,-999.0,-999.0,-999.0,-999.0,-999.0,-999.0,-999.0,-999.0,-999.0,-999.0,-999.0,-999.0,-999.000,-999.0,-999.0,-999.0,-999.0,-999.000,-999.000,-999.0,-999.000,-999.0,-999.000,-999.0,-999.0,-999.0,-999.000,-999.000,-999.0,-999.000,-999.000,-999.000,-999.000,-999.000,-999.000,-999.000,-999.000,-999.000,-999.000,-999.000
120000005,117.042,39.384,-999.0,-999.0,0.42100,5.23400,12.67800,-999.0,-999.0,1.09000,0.22200,-999.0,-999.0,-999.0,-999.0,-999.0,-999.0,-999.000,-999.0,-999.0,-999.0,-999.0,-999.000,-999.000,-999.0,-999.000,-999.0,-999.000,-999.0,-999.0,-999.0,-999.000,-999.000,-999.0,-999.000,-999.000,-999.000,-999.000,-999.000,-999.000,-999.000,-999.000,-999.000,-999.000,-999.000
320100001,118.762,32.066,-999.0,-999.0,-999.0,-999.0,-999.0,-999.0,-999.0,-999.0,-999.0,-999.0,-999.0,-999.0,-999.0,-999.0,-999.0,-999.000,-999.0,-999.0,-999.0,-999.0,-999.000,-999.000,-999.0,-999.000,-999.0,-999.000,-999.0,-999.0,-999.0,-999.000,-999.000,-999.0,-999.000,-999.000,-999.000,-999.000,-999.000,-999.000,-999.000,-999.000,-999.000,-999.000,-999.000
370100001,117.171,36.669,-999.0,-999.0,-999.0,-999.0,-999.0,-999.0,-999.0,-999.0,-999.0,-999.0,-999.0,-999.0,-999.0,-999.0,-999.0,-999.000,-999.0,-999.0,-999.0,-999.0,-999.000,-999.000,-999.0,-999.000,-999.0,-999.000,-999.0,-999.0,-999.0,-999.000,-999.000,-999.0,-999.000,-999.000,-999.000,-999.000,-999.000,-999.000,-999.000,-999.000,-999.000,-999.000,-999.000
110000016,116.732,40.203,-999.0,-999.0,-999.0,-999.0,-999.0,-999.0,-999.0,-999.0,-999.0,-999.0,-999.0,-999.0,-999.0,-999.0,-999.0,-999.000,-999.0,-999.0,-999.0,-999.0,-999.000,-999.000,-999.0,-999.000,-999.0,-999.000,-999.0,-999.0,-999.0,-999.000,-999.000,-999.0,-999.000,-999.000,-999.000,-999.000,-999.000,-999.000,-999.000,-999.000,-999.000,-999.000,-999.000
120000004,117.283,39.683,-999.0,-999.0,0.83100,-999.0,-999.0,-999.0,-999.0,-999.0,-999.0,-999.0,-999.0,-999.0,3.72300,-999.0,-999.0,-999.000,-999.0,-999.0,-999.0,-999.0,-999.000,-999.000,-999.0,-999.000,-999.0,-999.000,-999.0,-999.0,-999.0,-999.000,-999.000,-999.0,-999.000,-999.000,-999.000,-999.000,-999.000,-999.000,-999.000,-999.000,-999.000,-999.000,-999.000
370300001,117.983,36.835,-999.0,-999.0,-999.0,-999.0,-999.0,-999.0,-999.0,-999.0,-999.0,-999.0,-999.0,7.98238,1.45821,-999.0,-999.0,-999.000,-999.0,-999.0,-999.0,-999.0,-999.000,-999.000,-999.0,-999.000,-999.0,-999.000,-999.0,-999.0,-999.0,-999.000,-999.000,-999.0,-999.000,-999.000,-999.000,-999.000,-999.000,-999.000,-999.000,-999.000,-999.000,-999.000,-999.000
130600004,115.946,38.945,-999.0,-999.0,-999.0,-999.0,-999.0,-999.0,-999.0,-999.0,-999.0,-999.0,-999.0,-999.0,-999.0,-999.0,0.03712,-999.000,0.27235,-999.0,0.03956,-999.0,-999.000,-999.000,1.45944,-999.000,-999.0,-999.000,-999.0,-999.0,-999.0,-999.000,-999.000,0.01143,-999.000,-999.000,-999.000,-999.000,-999.000,-999.000,-999.000,-999.000,-999.000,-999.000,-999.000
140400001,113.110,36.199,-999.0,-999.0,-999.0,-999.0,-999.0,-999.0,-999.0,-999.0,-999.0,-999.0,-999.0,-999.0,-999.0,-999.0,-999.0,-999.000,-999.0,-999.0,-999.0,-999.0,-999.000,-999.000,-999.0,-999.000,-999.0,-999.000,-999.0,-999.0,-999.0,-999.000,-999.000,-999.0,-999.000,-999.000,-999.000,-999.000,-999.000,-999.000,-999.000,-999.000,-999.000,-999.000,-999.000
430100001,113.090,28.204,-999.0,-999.0,-999.0,-999.0,-999.0,-999.0,-999.0,-999.0,-999.0,-999.0,-999.0,-999.0,-999.0,-999.0,-999.0,-999.000,-999.0,-999.0,-999.0,-999.0,-999.000,-999.000,-999.0,-999.000,-999.0,-999.000,-999.0,-999.0,-999.0,-999.000,-999.000,-999.0,-999.000,-999.000,-999.000,-999.000,-999.000,-999.000,-999.000,-999.000,-999.000,-999.000,-999.000
131000005,116.702,39.545,-999.0,-999.0,0.24100,-999.0,-999.0,6.18800,-999.0,-999.0,-999.0,-999.0,-999.0,-999.0,-999.0,-999.0,-999.0,-999.000,-999.0,-999.0,-999.0,-999.0,-999.000,-999.000,-999.0,-999.000,-999.0,-999.000,-999.0,-999.0,-999.0,-999.000,-999.000,-999.0,-999.000,-999.000,-999.000,-999.000,-999.000,-999.000,-999.000,-999.000,-999.000,-999.000,-999.000
110000004,116.424,40.049,-999.0,-999.0,-999.0,-999.0,-999.0,-999.0,-999.0,-999.0,-999.0,-999.0,-999.0,-999.0,-999.0,-999.0,-999.0,-999.000,-999.0,-999.0,-999.0,-999.0,-999.000,-999.000,-999.0,-999.000,-999.0,-999.000,-999.0,-999.0,-999.0,-999.000,-999.000,-999.0,-999.000,-999.000,-999.000,-999.000,-999.000,-999.000,-999.000,-999.000,-999.000,-999.000,-999.000
130900003,116.839,38.304,-999.0,-999.0,-999.0,-999.0,-999.0,-999.0,-999.0,-999.0,-999.0,-999.0,-999.0,-999.0,-999.0,-999.0,-999.0,-999.000,-999.0,-999.0,-999.0,-999.0,-999.000,-999.000,-999.0,-999.000,-999.0,-999.000,-999.0,-999.0,-999.0,-999.000,-999.000,-999.0,-999.000,-999.000,-999.000,-999.000,-999.000,-999.000,-999.000,-999.000,-999.000,-999.000,-999.000
371400003,115.823,36.952,-999.0,-999.0,-999.0,-999.0,-999.0,-999.0,-999.0,-999.0,-999.0,-999.0,-999.0,18.90388,3.91488,-999.0,-999.0,-999.000,-999.0,-999.0,-999.0,-999.0,-999.000,-999.000,-999.0,-999.000,-999.0,-999.000,-999.0,-999.0,-999.0,-999.000,-999.000,-999.0,-999.000,-999.000,-999.000,-999.000,-999.000,-999.000,-999.000,-999.000,-999.000,-999.000,-999.000
130300001,119.622,39.912,-999.0,-999.0,-999.0,-999.0,-999.0,-999.0,-999.0,-999.0,-999.0,-999.0,-999.0,-999.0,-999.0,-999.0,-999.0,-999.000,-999.0,-999.0,-999.0,-999.0,-999.000,-999.000,-999.0,-999.000,-999.0,-999.000,-999.0,-999.0,-999.0,-999.000,-999.000,-999.0,-999.000,-999.000,-999.000,-999.000,-999.000,-999.000,-999.000,-999.000,-999.000,-999.000,-999.000
131000003,116.709,39.551,-999.0,-999.0,-999.0,-999.0,-999.0,-999.0,-999.0,-999.0,-999.0,-999.0,-999.0,-999.0,-999.0,-999.0,-999.0,-999.000,-999.0,-999.0,-999.0,-999.0,-999.000,-999.000,-999.0,-999.000,-999.0,-999.000,-999.0,-999.0,-999.0,-999.000,-999.000,-999.0,-999.000,-999.000,-999.000,-999.000,-999.000,-999.000,-999.000,-999.000,-999.000,-999.000,-999.000
1320200001,120.317,31.513,-999.0,-999.0,-999.0,-999.0,-999.0,-999.0,-999.0,-999.0,-999.0,-999.0,-999.0,-999.0,-999.0,-999.0,-999.0,-999.000,-999.0,-999.0,-999.0,-999.0,-999.000,-999.000,-999.0,-999.000,-999.0,-999.000,-999.0,-999.0,-999.0,-999.000,-999.000,-999.0,-999.000,-999.000,-999.000,-999.000,-999.000,-999.000,-999.000,-999.000,-999.000,-999.000,-999.000
110000010,116.266,39.499,-999.0,-999.0,-999.0,-999.0,-999.0,-999.0,-999.0,-999.0,-999.0,-999.0,-999.0,-999.0,-999.0,-999.0,-999.0,-999.000,-999.0,-999.0,-999.0,-999.0,-999.000,-999.000,-999.0,-999.000,-999.0,-999.000,-999.0,-999.0,-999.0,-999.000,-999.000,-999.0,-999.000,-999.000,-999.000,-999.000,-999.000,-999.000,-999.000,-999.000,-999.000,-999.000,-999.000
130200001,118.130,39.634,-999.0,-999.0,-999.0,-999.0,-999.0,-999.0,-999.0,-999.0,-999.0,-999.0,-999.0,-999.0,-999.0,-999.0,-999.0,-999.000,-999.0,-999.0,-999.0,-999.0,-999.000,-999.000,-999.0,-999.000,-999.0,-999.000,-999.0,-999.0,-999.0,-999.000,-999.000,-999.0,-999.000,-999.000,-999.000,-999.000,-999.000,-999.000,-999.000,-999.000,-999.000,-999.000,-999.000
110000002,116.342,39.727,-999.0,-999.0,-999.0,-999.0,-999.0,-999.0,-999.0,-999.0,-999.0,-999.0,-999.0,-999.0,-999.0,-999.0,-999.0,-999.000,-999.0,-999.0,-999.0,-999.0,-999.000,-999.000,-999.0,-999.000,-999.0,-999.000,-999.0,-999.0,-999.0,-999.000,-999.000,-999.0,-999.000,-999.000,-999.000,-999.000,-999.000,-999.000,-999.000,-999.000,-999.000,-999.000,-999.000
131100003,115.678,37.732,-999.0,-999.0,-999.0,-999.0,-999.0,-999.0,-999.0,-999.0,-999.0,-999.0,-999.0,-999.0,-999.0,-999.0,-999.0,-999.000,-999.0,-999.0,-999.0,-999.0,-999.000,-999.000,-999.0,-999.000,-999.0,-999.000,-999.0,-999.0,-999.0,-999.000,-999.000,-999.0,-999.000,-999.000,-999.000,-999.000,-999.000,-999.000,-999.000,-999.000,-999.000,-999.000,-999.000
110000008,116.684,39.542,-999.0,-999.0,-999.0,-999.0,-999.0,-999.0,-999.0,-999.0,-999.0,-999.0,-999.0,-999.0,-999.0,-999.0,-999.0,-999.000,-999.0,-999.0,-999.0,-999.0,-999.000,-999.000,-999.0,-999.000,-999.0,-999.000,-999.0,-999.0,-999.0,-999.000,-999.000,-999.0,-999.000,-999.000,-999.000,-999.000,-999.000,-999.000,-999.000,-999.000,-999.000,-999.000,-999.000
410500002,114.398,36.089,-999.0,-999.0,-999.0,-999.0,-999.0,-999.0,-999.0,-999.0,-999.0,-999.0,-999.0,-999.0,-999.0,-999.0,-999.0,-999.000,-999.0,-999.0,-999.0,-999.0,-999.000,-999.000,-999.0,-999.000,-999.0,-999.000,-999.0,-999.0,-999.0,-999.000,-999.000,-999.0,-999.000,-999.000,-999.000,-999.000,-999.000,-999.000,-999.000,-999.000,-999.000,-999.000,-999.000
130400002,114.497,36.571,-999.0,-999.0,-999.0,-999.0,-999.0,-999.0,-999.0,-999.0,-999.0,-999.0,-999.0,-999.0,-999.0,-999.0,-999.0,-999.000,-999.0,-999.0,-999.0,-999.0,-999.000,-999.000,-999.0,-999.000,-999.0,-999.000,-999.0,-999.0,-999.0,-999.000,-999.000,-999.0,-999.000,-999.000,-999.000,-999.000,-999.000,-999.000,-999.000,-999.000,-999.000,-999.000,-999.000
370800001,116.623,35.429,-999.0,-999.0,-999.0,-999.0,-999.0,-999.0,-999.0,-999.0,-999.0,-999.0,-999.0,13.58583,5.87958,-999.0,-999.0,-999.000,-999.0,-999.0,-999.0,-999.0,-999.000,-999.000,-999.0,-999.000,-999.0,-999.000,-999.0,-999.0,-999.0,-999.000,-999.000,-999.0,-999.000,-999.000,-999.000,-999.000,-999.000,-999.000,-999.000,-999.000,-999.000,-999.000,-999.000
110000009,116.771,39.628,-999.0,-999.0,-999.0,30.10000,0.25000,200.00000,-999.0,3000.00000,0.14000,0.25000,-999.0,-999.0,-999.0,-999.0,-999.0,-999.000,-999.0,-999.0,-999.0,-999.0,-999.000,-999.000,-999.0,-999.000,-999.0,-999.000,-999.0,-999.0,-999.0,-999.000,-999.000,-999.0,-999.000,-999.000,-999.000,-999.000,-999.000,-999.000,-999.000,-999.000,-999.000,-999.000,-999.000
110000011,115.831,39.542,-999.0,-999.0,2.36727,0.12970,6.40053,0.58756,-999.0,8.90382,0.05309,1.75276,0.18229,-999.0,-999.0,-999.0,-999.0,-999.000,-999.0,-999.0,-999.0,-999.0,-999.000,-999.000,-999.0,-999.000,-999.0,-999.000,-999.0,-999.0,-999.0,-999.000,-999.000,-999.0,-999.000,-999.000,-999.000,-999.000,-999.000,-999.000,-999.000,-999.000,-999.000,-999.000,-999.000
120000001,117.159,39.099,-999.0,-999.0,-999.0,-999.0,-999.0,-999.0,-999.0,-999.0,-999.0,-999.0,-999.0,-999.0,-999.0,-999.0,-999.0,-999.000,-999.0,-999.0,-999.0,-999.0,-999.000,-999.000,-999.0,-999.000,-999.0,-999.000,-999.0,-999.0,-999.0,-999.000,-999.000,-999.0,-999.000,-999.000,-999.000,-999.000,-999.000,-999.000,-999.000,-999.000,-999.000,-999.000,-999.000
131000004,117.006,39.761,-999.0,-999.0,-999.0,-999.0,-999.0,-999.0,-999.0,-999.0,-999.0,-999.0,-999.0,-999.0,-999.0,-999.0,-999.0,-999.000,-999.0,-999.0,-999.0,-999.0,-999.000,-999.000,-999.0,-999.000,-999.0,-999.000,-999.0,-999.0,-999.0,-999.000,-999.000,-999.0,-999.000,-999.000,-999.000,-999.000,-999.000,-999.000,-999.000,-999.000,-999.000,-999.000,-999.000
410900001,115.032,35.763,-999.0,-999.0,-999.0,-999.0,-999.0,-999.0,-999.0,-999.0,-999.0,-999.0,-999.0,-999.0,-999.0,-999.0,-999.0,-999.000,-999.0,-999.0,-999.0,-999.0,-999.000,-999.000,-999.0,-999.000,-999.0,-999.000,-999.0,-999.0,-999.0,-999.000,-999.000,-999.0,-999.000,-999.000,-999.000,-999.000,-999.000,-999.000,-999.000,-999.000,-999.000,-999.000,-999.000
410700002,113.924,35.303,-999.0,-999.0,0.03300,13.77100,52.99000,19.40900,0.63600,0.70400,1.25500,-999.0,-999.0,-999.0,-999.0,-999.0,-999.0,-999.000,-999.0,-999.0,-999.0,-999.0,-999.000,-999.000,-999.0,-999.000,-999.0,-999.000,-999.0,-999.0,-999.0,-999.000,-999.000,-999.0,-999.000,-999.000,-999.000,-999.000,-999.000,-999.000,-999.000,-999.000,-999.000,-999.000,-999.000
130100005,114.480,38.094,-999.0,-999.0,-999.0,-999.0,-999.0,-999.0,-999.0,-999.0,-999.0,-999.0,-999.0,-999.0,-999.0,-999.0,-999.0,-999.000,-999.0,-999.0,-999.0,0.00703,-999.000,-999.000,-999.0,-999.000,0.00496,-999.000,-999.0,-999.0,-999.0,-999.000,-999.000,-999.0,-999.000,-999.000,-999.000,-999.000,-999.000,-999.000,-999.000,-999.000,-999.000,-999.000,-999.000
120000006,117.412,40.055,-999.0,-999.0,-999.0,-999.0,-999.0,-999.0,-999.0,-999.0,-999.0,-999.0,-999.0,-999.0,-999.0,-999.0,-999.0,-999.000,-999.0,-999.0,-999.0,-999.0,-999.000,-999.000,-999.0,-999.000,-999.0,-999.000,-999.0,-999.0,-999.0,-999.000,-999.000,-999.0,-999.000,-999.000,-999.000,-999.000,-999.000,-999.000,-999.000,-999.000,-999.000,-999.000,-999.000
410100002,113.606,34.748,-999.0,-999.0,-999.0,-999.0,-999.0,-999.0,-999.0,-999.0,-999.0,-999.0,-999.0,-999.0,-999.0,-999.0,-999.0,-999.000,-999.0,-999.0,-999.0,-999.0,-999.000,-999.000,-999.0,-999.000,-999.0,-999.000,-999.0,-999.0,-999.0,-999.000,-999.000,-999.0,-999.000,-999.000,-999.000,-999.000,-999.000,-999.000,-999.000,-999.000,-999.000,-999.000,-999.000
130700003,114.895,40.834,-999.0,-999.0,-999.0,-999.0,-999.0,-999.0,-999.0,-999.0,-999.0,-999.0,-999.0,-999.0,-999.0,-999.0,-999.0,-999.000,-999.0,-999.0,-999.0,-999.0,-999.000,-999.000,-999.0,-999.000,-999.0,-999.000,-999.0,-999.0,-999.0,-999.000,-999.000,-999.0,-999.000,-999.000,-999.000,-999.000,-999.000,-999.000,-999.000,-999.000,-999.000,-999.000,-999.000
130500002,114.532,37.086,-999.0,-999.0,-999.0,-999.0,-999.0,-999.0,-999.0,-999.0,-999.0,-999.0,-999.0,-999.0,-999.0,-999.0,-999.0,-999.000,-999.0,-999.0,-999.0,-999.0,-999.000,-999.000,-999.0,-999.000,-999.0,-999.000,-999.0,-999.0,-999.0,-999.000,-999.000,-999.0,-999.000,-999.000,-999.000,-999.000,-999.000,-999.000,-999.000,-999.000,-999.000,-999.000,-999.000
410800001,113.279,35.206,-999.0,-999.0,-999.0,-999.0,-999.0,-999.0,-999.0,-999.0,-999.0,25.10700,-999.0,-999.0,-999.0,-999.0,-999.0,-999.000,-999.0,-999.0,-999.0,-999.0,-999.000,-999.000,-999.0,-999.000,-999.0,-999.000,-999.0,-999.0,-999.0,-999.000,-999.000,-999.0,-999.000,-999.000,-999.000,-999.000,-999.000,-999.000,-999.000,-999.000,-999.000,-999.000,-999.000
130200002,118.193,39.623,-999.0,-999.0,-999.0,-999.0,-999.0,-999.0,-999.0,-999.0,-999.0,-999.0,-999.0,-999.0,-999.0,-999.0,-999.0,-999.000,-999.0,-999.0,-999.0,-999.0,-999.000,-999.000,-999.0,-999.000,-999.0,-999.000,-999.0,-999.0,-999.0,-999.000,-999.000,-999.0,-999.000,-999.000,-999.000,-999.000,-999.000,-999.000,-999.000,-999.000,-999.000,-999.000,-999.000
410500001,114.399,36.089,-999.0,-999.0,-999.0,-999.0,-999.0,-999.0,-999.0,-999.0,-999.0,-999.0,-999.0,-999.0,-999.0,-999.0,-999.0,-999.000,-999.0,-999.0,-999.0,-999.0,-999.000,-999.000,-999.0,-999.000,-999.0,-999.000,-999.0,-999.0,-999.0,-999.000,-999.000,-999.0,-999.000,-999.000,-999.000,-999.000,-999.000,-999.000,-999.000,-999.000,-999.000,-999.000,-999.000
140800001,110.968,35.031,-999.0,-999.0,-999.0,8.12900,29.16500,12.63700,0.02900,1.23400,1.88500,18.33000,0.11000,34.00900,9.06400,-999.0,-999.0,-999.000,-999.0,-999.0,-999.0,-999.0,-999.000,-999.000,-999.0,-999.000,-999.0,-999.000,-999.0,-999.0,-999.0,-999.000,-999.000,-999.0,-999.000,-999.000,-999.000,-999.000,-999.000,-999.000,-999.000,-999.000,-999.000,-999.000,-999.000
371700001,115.522,35.213,-999.0,-999.0,-999.0,-999.0,-999.0,-999.0,-999.0,-999.0,-999.0,-999.0,-999.0,10.50536,2.82309,-999.0,-999.0,-999.000,-999.0,-999.0,-999.0,-999.0,-999.000,-999.000,-999.0,-999.000,-999.0,-999.000,-999.0,-999.0,-999.0,-999.000,-999.000,-999.0,-999.000,-999.000,-999.000,-999.000,-999.000,-999.000,-999.000,-999.000,-999.000,-999.000,-999.000
410100003,113.733,34.772,-999.0,-999.0,-999.0,-999.0,-999.0,-999.0,-999.0,-999.0,-999.0,-999.0,-999.0,-999.0,-999.0,-999.0,-999.0,-999.000,-999.0,-999.0,-999.0,-999.0,-999.000,-999.000,-999.0,-999.000,-999.0,-999.000,-999.0,-999.0,-999.0,-999.000,-999.000,-999.0,-999.000,-999.000,-999.000,-999.000,-999.000,-999.000,-999.000,-999.000,-999.000,-999.000,-999.000
371400002,116.362,37.444,-999.0,-999.0,-999.0,-999.0,-999.0,-999.0,-999.0,-999.0,-999.0,-999.0,-999.0,-999.0,-999.0,-999.0,-999.0,-999.000,-999.0,-999.0,-999.0,-999.0,-999.000,-999.000,-999.0,-999.000,-999.0,-999.000,-999.0,-999.0,-999.0,-999.000,-999.000,-999.0,-999.000,-999.000,-999.000,-999.000,-999.000,-999.000,-999.000,-999.000,-999.000,-999.000,-999.000
1320500001,120.630,31.286,-999.0,-999.0,-999.0,-999.0,-999.0,-999.0,-999.0,-999.0,-999.0,-999.0,-999.0,-999.0,-999.0,-999.0,-999.0,-999.000,-999.0,-999.0,-999.0,-999.0,-999.000,-999.000,-999.0,-999.000,-999.0,-999.000,-999.0,-999.0,-999.0,-999.000,-999.000,-999.0,-999.000,-999.000,-999.000,-999.000,-999.000,-999.000,-999.000,-999.000,-999.000,-999.000,-999.000
110000003,116.322,39.105,-999.0,-999.0,-999.0,-999.0,-999.0,-999.0,-999.0,-999.0,-999.0,-999.0,-999.0,-999.0,-999.0,-999.0,-999.0,-999.000,-999.0,-999.0,-999.0,-999.0,-999.000,-999.000,-999.0,-999.000,-999.0,-999.000,-999.0,-999.0,-999.0,-999.000,-999.000,-999.0,-999.000,-999.000,-999.000,-999.000,-999.000,-999.000,-999.000,-999.000,-999.000,-999.000,-999.000
350100002,119.290,26.110,-999.0,-999.0,-999.0,-999.0,-999.0,-999.0,-999.0,-999.0,-999.0,-999.0,-999.0,-999.0,-999.0,-999.0,-999.0,-999.000,-999.0,-999.0,-999.0,-999.0,-999.000,-999.000,-999.0,-999.000,-999.0,-999.000,-999.0,-999.0,-999.0,-999.000,-999.000,-999.0,-999.000,-999.000,-999.000,-999.000,-999.000,-999.000,-999.000,-999.000,-999.000,-999.000,-999.000
131100002,115.684,37.733,-999.0,-999.0,-999.0,-999.0,-999.0,-999.0,-999.0,-999.0,-999.0,-999.0,-999.0,-999.0,-999.0,-999.0,-999.0,-999.000,-999.0,-999.0,-999.0,-999.0,-999.000,-999.000,-999.0,-999.000,-999.0,-999.000,-999.0,-999.0,-999.0,-999.000,-999.000,-999.0,-999.000,-999.000,-999.000,-999.000,-999.000,-999.000,-999.000,-999.000,-999.000,-999.000,-999.000
130600002,115.481,38.836,-999.0,-999.0,-999.0,-999.0,-999.0,-999.0,-999.0,-999.0,-999.0,-999.0,-999.0,-999.0,-999.0,-999.0,-999.0,-999.000,-999.0,-999.0,-999.0,-999.0,-999.000,-999.000,-999.0,-999.000,-999.0,-999.000,-999.0,-999.0,-999.0,-999.000,-999.000,-999.0,-999.000,-999.000,-999.000,-999.000,-999.000,-999.000,-999.000,-999.000,-999.000,-999.000,-999.000
1320600001,120.948,31.991,-999.0,-999.0,-999.0,-999.0,-999.0,-999.0,-999.0,-999.0,-999.0,-999.0,-999.0,-999.0,-999.0,-999.0,-999.0,-999.000,-999.0,-999.0,-999.0,-999.0,-999.000,-999.000,-999.0,-999.000,-999.0,-999.000,-999.0,-999.0,-999.0,-999.000,-999.000,-999.0,-999.000,-999.000,-999.000,-999.000,-999.000,-999.000,-999.000,-999.000,-999.000,-999.000,-999.000
410600001,114.291,35.722,-999.0,-999.0,-999.0,-999.0,-999.0,-999.0,-999.0,-999.0,-999.0,-999.0,-999.0,-999.0,-999.0,-999.0,-999.0,-999.000,-999.0,-999.0,-999.0,-999.0,-999.000,-999.000,-999.0,-999.000,-999.0,-999.000,-999.0,-999.0,-999.0,-999.000,-999.000,-999.0,-999.000,-999.000,-999.000,-999.000,-999.000,-999.000,-999.000,-999.000,-999.000,-999.000,-999.000
370100002,117.062,36.658,-999.0,-999.0,-999.0,-999.0,-999.0,-999.0,-999.0,-999.0,-999.0,-999.0,-999.0,10.01771,3.30829,-999.0,-999.0,-999.000,0.98311,-999.0,-999.0,-999.0,-999.000,-999.000,-999.0,-999.000,-999.0,-999.000,-999.0,0.00017,-999.0,-999.000,-999.000,0.01604,-999.000,-999.000,-999.000,-999.000,-999.000,-999.000,-999.000,-999.000,-999.000,-999.000,-999.000
130100004,114.536,38.025,-999.0,-999.0,-999.0,-999.0,-999.0,-999.0,-999.0,-999.0,-999.0,-999.0,-999.0,-999.0,-999.0,-999.0,-999.0,-999.000,-999.0,-999.0,-999.0,-999.0,-999.000,-999.000,-999.0,-999.000,-999.0,-999.000,-999.0,-999.0,-999.0,-999.000,-999.000,-999.0,-999.000,-999.000,-999.000,-999.000,-999.000,-999.000,-999.000,-999.000,-999.000,-999.000,-999.000
1340100001,117.196,31.785,-999.0,-999.0,-999.0,-999.0,-999.0,-999.0,-999.0,-999.0,-999.0,-999.0,-999.0,-999.0,-999.0,-999.0,-999.0,-999.000,-999.0,-999.0,-999.0,-999.0,-999.000,-999.000,-999.0,-999.000,-999.0,-999.000,-999.0,-999.0,-999.0,-999.000,-999.000,-999.0,-999.000,-999.000,-999.000,-999.000,-999.000,-999.000,-999.000,-999.000,-999.000,-999.000,-999.000
371600001,118.006,37.380,-999.0,-999.0,-999.0,-999.0,-999.0,-999.0,-999.0,-999.0,-999.0,-999.0,-999.0,6.35138,1.34938,-999.0,-999.0,-999.000,-999.0,-999.0,-999.0,-999.0,-999.000,-999.000,-999.0,-999.000,-999.0,-999.000,-999.0,-999.0,-999.0,-999.000,-999.000,-999.0,-999.000,-999.000,-999.000,-999.000,-999.000,-999.000,-999.000,-999.000,-999.000,-999.000,-999.000
110000001,116.415,40.041,-999.0,-999.0,-999.0,-999.0,-999.0,-999.0,-999.0,-999.0,-999.0,-999.0,-999.0,-999.0,-999.0,-999.0,-999.0,-999.000,-999.0,-999.0,-999.0,-999.0,-999.000,-999.000,-999.0,-999.000,-999.0,-999.000,-999.0,-999.0,-999.0,-999.000,-999.000,-999.0,-999.000,-999.000,-999.000,-999.000,-999.000,-999.000,-999.000,-999.000,-999.000,-999.000,-999.000
110000012,116.426,40.048,131.69000,90.53000,-999.0,1.94000,8.03000,7.86400,0.31000,0.20000,0.41000,10.15000,0.04000,8.35000,0.28000,0.00428,-999.0,-999.000,-999.0,-999.0,-999.0,0.00737,-999.000,-999.000,-999.0,-999.000,-999.0,-999.000,-999.0,-999.0,-999.0,-999.000,-999.000,-999.0,-999.000,-999.000,-999.000,-999.000,-999.000,-999.000,-999.000,-999.000,-999.000,-999.000,-999.000
1306000001,116.034,39.492,-999.0,-999.0,-999.0,-999.0,-999.0,-999.0,-999.0,-999.0,-999.0,-999.0,-999.0,-999.0,-999.0,-999.0,-999.0,-999.000,-999.0,-999.0,-999.0,-999.0,-999.000,-999.000,-999.0,-999.000,-999.0,-999.000,-999.0,-999.0,-999.0,-999.000,-999.000,-999.0,-999.000,-999.000,-999.000,-999.000,-999.000,-999.000,-999.000,-999.000,-999.000,-999.000,-999.000
1307000001,114.898,40.837,-999.0,-999.0,-999.0,-999.0,-999.0,-999.0,-999.0,-999.0,-999.0,-999.0,-999.0,-999.0,-999.0,-999.0,-999.0,-999.000,-999.0,-999.0,-999.0,-999.0,-999.000,-999.000,-999.0,-999.000,-999.0,-999.000,-999.0,-999.0,-999.0,-999.000,-999.000,-999.0,-999.000,-999.000,-999.000,-999.000,-999.000,-999.000,-999.000,-999.000,-999.000,-999.000,-999.000
1311000001,115.694,37.808,-999.0,-999.0,-999.0,-999.0,-999.0,-999.0,-999.0,-999.0,-999.0,-999.0,-999.0,-999.0,-999.0,-999.0,-999.0,-999.000,-999.0,-999.0,-999.0,-999.0,-999.000,-999.000,-999.0,-999.000,-999.0,-999.000,-999.0,-999.0,-999.0,-999.000,-999.000,-999.0,-999.000,-999.000,-999.000,-999.000,-999.000,-999.000,-999.000,-999.000,-999.000,-999.000,-999.000
3701000001,117.610,36.720,-999.0,-999.0,-999.0,-999.0,-999.0,-999.0,-999.0,-999.0,-999.0,-999.0,-999.0,-999.0,-999.0,-999.0,-999.0,-999.000,-999.0,-999.0,-999.0,-999.0,-999.000,-999.000,-999.0,-999.000,-999.0,-999.000,-999.0,-999.0,-999.0,-999.000,-999.000,-999.0,-999.000,-999.000,-999.000,-999.000,-999.000,-999.000,-999.000,-999.000,-999.000,-999.000,-999.000
1200000004,117.850,39.494,-999.0,-999.0,-999.0,-999.0,-999.0,-999.0,-999.0,-999.0,-999.0,-999.0,-999.0,-999.0,-999.0,-999.0,-999.0,-999.000,-999.0,-999.0,-999.0,-999.0,-999.000,-999.000,-999.0,-999.000,-999.0,-999.000,-999.0,-999.0,-999.0,-999.000,-999.000,-999.0,-999.000,-999.000,-999.000,-999.000,-999.000,-999.000,-999.000,-999.000,-999.000,-999.000,-999.000
120000003,117.223,39.173,-999.0,-999.0,-999.0,-999.0,-999.0,2.74300,-999.0,-999.0,-999.0,4.97800,-999.0,-999.0,-999.0,-999.0,-999.0,-999.000,0.20958,0.25034,0.00584,-999.0,-999.000,-999.000,1.08533,-999.000,-999.0,-999.000,0.23213,-999.0,0.01230,-999.000,-999.000,0.00003,-999.000,-999.000,-999.000,-999.000,-999.000,-999.000,-999.000,-999.000,-999.000,-999.000,-999.000
140100001,112.547,37.874,-999.0,-999.0,-999.0,-999.0,-999.0,-999.0,-999.0,-999.0,-999.0,-999.0,-999.0,-999.0,-999.0,-999.0,-999.0,-999.000,-999.0,-999.0,-999.0,-999.0,-999.000,-999.000,-999.0,-999.000,-999.0,-999.000,-999.0,-999.0,-999.0,-999.000,-999.000,-999.0,-999.000,-999.000,-999.000,-999.000,-999.000,-999.000,-999.000,-999.000,-999.000,-999.000,-999.000
