stationcode,longitude,latitude,PM10,PM25,F-,Cl-,NO3-,SO42-,Ca2+,Na+,K+,NH4+,Mg2+,OC,EC,Hg,Br,As,Si,Te,V,Ba,Sc,Pd,Co,Mo,K,Fe,TI,Al,Cs,Ag,Sb,Ga,Pb,Se,Cr,Cd,Zn,Cu,Ni,Mn,Ti,Sn,Ca
110000006,116.041,39.597,-999.0,-999.0,-999.0,-999.0,-999.0,-999.0,-999.0,-999.0,-999.0,-999.0,-999.0,-999.0,-999.0,-999.0,-999.0,-999.0,-999.0,-999.000,-999.000,-999.0,-999.000,-999.000,-999.0,-999.000,-999.0,-999.0,-999.000,-999.000,-999.0,-999.000,-999.000,-999.0,-999.000,-999.000,-999.000,-999.000,-999.000,-999.000,-999.000,-999.000,-999.000,-999.000,-999.000
371500001,115.974,36.493,-999.0,-999.0,-999.0,-999.0,-999.0,-999.0,-999.0,-999.0,-999.0,-999.0,-999.0,6.35108,1.58975,-999.0,-999.0,-999.0,-999.0,-999.000,-999.000,-999.0,-999.000,-999.000,-999.0,-999.000,-999.0,-999.0,-999.000,-999.000,-999.0,-999.000,-999.000,-999.0,-999.000,-999.000,-999.000,-999.000,-999.000,-999.000,-999.000,-999.000,-999.000,-999.000,-999.000
150100001,111.752,40.841,-999.0,-999.0,-999.0,-999.0,-999.0,-999.0,-999.0,-999.0,-999.0,-999.0,-999.0,-999.0,-999.0,-999.0,-999.0,-999.0,-999.0,-999.000,-999.000,-999.0,-999.000,-999.000,-999.0,-999.000,-999.0,-999.0,-999.000,-999.000,-999.0,-999.000,-999.000,-999.0,-999.000,-999.000,-999.000,-999.000,-999.000,-999.000,-999.000,-999.000,-999.000,-999.000,-999.000
1320100001,118.754,32.055,-999.0,-999.0,-999.0,-999.0,-999.0,-999.0,-999.0,-999.0,-999.0,-999.0,-999.0,-999.0,-999.0,-999.0,-999.0,-999.0,-999.0,-999.000,-999.000,-999.0,-999.000,-999.000,-999.0,-999.000,-999.0,-999.0,-999.000,-999.000,-999.0,-999.000,-999.000,-999.0,-999.000,-999.000,-999.000,-999.000,-999.000,-999.000,-999.000,-999.000,-999.000,-999.000,-999.000
410200001,114.331,34.761,-999.0,-999.0,-999.0,-999.0,-999.0,-999.0,-999.0,-999.0,-999.0,-999.0,-999.0,-999.0,-999.0,-999.0,-999.0,-999.0,-999.0,-999.000,-999.000,-999.0,-999.000,-999.000,-999.0,-999.000,-999.0,-999.0,-999.000,-999.000,-999.0,-999.000,-999.000,-999.0,-999.000,-999.000,-999.000,-999.000,-999.000,-999.000,-999.000,-999.000,-999.000,-999.000,-999.000
140100002,112.482,37.719,-999.0,-999.0,-999.0,-999.0,-999.0,-999.0,-999.0,-999.0,-999.0,-999.0,-999.0,-999.0,-999.0,-999.0,0.00976,0.00764,1.53086,-999.000,-999.000,-999.0,-999.000,-999.000,0.00595,-999.000,1.85166,0.71296,-999.000,-999.000,-999.0,-999.000,-999.000,0.00997,-999.000,-999.000,-999.000,-999.000,-999.000,-999.000,-999.000,-999.000,-999.000,-999.000,-999.000
340100001,117.117,31.470,-999.0,-999.0,-999.0,-999.0,-999.0,-999.0,-999.0,-999.0,-999.0,-999.0,-999.0,-999.0,-999.0,-999.0,-999.0,-999.0,-999.0,-999.000,-999.000,-999.0,-999.000,-999.000,-999.0,-999.000,-999.0,-999.0,-999.000,-999.000,-999.0,-999.000,-999.000,-999.0,-999.000,-999.000,-999.000,-999.000,-999.000,-999.000,-999.000,-999.000,-999.000,-999.000,-999.000
410300001,112.419,34.613,-999.0,-999.0,0.05488,1.07096,9.79554,8.37592,0.78458,1.01983,0.90792,5.09046,0.17450,4.29137,0.96905,-999.0,-999.0,-999.0,-999.0,-999.000,-999.000,-999.0,-999.000,-999.000,-999.0,-999.000,-999.0,-999.0,-999.000,-999.000,-999.0,-999.000,-999.000,-999.0,-999.000,-999.000,-999.000,-999.000,-999.000,-999.000,-999.000,-999.000,-999.000,-999.000,-999.000
610100002,108.935,34.347,-999.0,-999.0,0.11946,0.36129,10.88729,4.28938,0.49817,0.54446,0.18629,5.23587,0.09088,5.42327,1.24995,-999.0,-999.0,-999.0,-999.0,-999.000,-999.000,-999.0,-999.000,-999.000,-999.0,-999.000,-999.0,-999.0,-999.000,-999.000,-999.0,-999.000,-999.000,-999.0,-999.000,-999.000,-999.000,-999.000,-999.000,-999.000,-999.000,-999.000,-999.000,-999.000,-999.000
1320300001,117.256,34.215,-999.0,-999.0,-999.0,-999.0,-999.0,-999.0,-999.0,-999.0,-999.0,-999.0,-999.0,-999.0,-999.0,-999.0,-999.0,-999.0,-999.0,-999.000,-999.000,-999.0,-999.000,-999.000,-999.0,-999.000,-999.0,-999.0,-999.000,-999.000,-999.0,-999.000,-999.000,-999.0,-999.000,-999.000,-999.000,-999.000,-999.000,-999.000,-999.000,-999.000,-999.000,-999.000,-999.000
130600003,115.482,38.926,-999.0,-999.0,-999.0,-999.0,-999.0,-999.0,-999.0,-999.0,-999.0,-999.0,-999.0,-999.0,-999.0,-999.0,-999.0,-999.0,-999.0,-999.000,-999.000,-999.0,-999.000,-999.000,-999.0,-999.000,-999.0,-999.0,-999.000,-999.000,-999.0,-999.000,-999.000,-999.0,-999.000,-999.000,-999.000,-999.000,-999.000,-999.000,-999.000,-999.000,-999.000,-999.000,-999.000
130500001,114.482,37.066,-999.0,-999.0,-999.0,-999.0,-999.0,-999.0,-999.0,-999.0,-999.0,-999.0,-999.0,-999.0,-999.0,-999.0,-999.0,-999.0,-999.0,-999.000,-999.000,-999.0,-999.000,-999.000,-999.0,-999.000,-999.0,-999.0,-999.000,-999.000,-999.0,-999.000,-999.000,-999.0,-999.000,-999.000,-999.000,-999.000,-999.000,-999.000,-999.000,-999.000,-999.000,-999.000,-999.000
110000005,116.326,39.521,-999.0,-999.0,-999.0,-999.0,-999.0,-999.0,-999.0,-999.0,-999.0,-999.0,-999.0,-999.0,-999.0,-999.0,-999.0,-999.0,-999.0,-999.000,-999.000,-999.0,-999.000,-999.000,-999.0,-999.000,-999.0,-999.0,-999.000,-999.000,-999.0,-999.000,-999.000,-999.0,-999.000,-999.000,-999.000,-999.000,-999.000,-999.000,-999.000,-999.000,-999.000,-999.000,-999.000
1640100001,106.225,38.489,-999.0,-999.0,-999.0,-999.0,-999.0,-999.0,-999.0,-999.0,-999.0,-999.0,-999.0,-999.0,-999.0,-999.0,-999.0,-999.0,-999.0,-999.000,-999.000,-999.0,-999.000,-999.000,-999.0,-999.000,-999.0,-999.0,-999.000,-999.000,-999.0,-999.000,-999.000,-999.0,-999.000,-999.000,-999.000,-999.000,-999.000,-999.000,-999.000,-999.000,-999.000,-999.000,-999.000
130700002,114.904,40.769,-999.0,-999.0,-999.0,-999.0,-999.0,-999.0,-999.0,-999.0,-999.0,-999.0,-999.0,-999.0,-999.0,-999.0,-999.0,-999.0,-999.0,-999.000,-999.000,-999.0,-999.000,-999.000,-999.0,-999.000,-999.0,-999.0,-999.000,-999.000,-999.0,-999.000,-999.000,-999.0,-999.000,-999.000,-999.000,-999.000,-999.000,-999.000,-999.000,-999.000,-999.000,-999.000,-999.000
141000001,111.526,36.063,-999.0,-999.0,0.28100,0.37100,4.91100,9.90800,0.67100,0.27200,0.08600,6.36400,0.09200,5.30000,1.08700,-999.0,-999.0,-999.0,-999.0,-999.000,-999.000,-999.0,-999.000,-999.000,-999.0,-999.000,-999.0,-999.0,-999.000,-999.000,-999.0,-999.000,-999.000,-999.0,-999.000,-999.000,-999.000,-999.000,-999.000,-999.000,-999.000,-999.000,-999.000,-999.000,-999.000
1411200001,111.278,34.716,-999.0,-999.0,-999.0,-999.0,-999.0,-999.0,-999.0,-999.0,-999.0,-999.0,-999.0,-999.0,-999.0,-999.0,-999.0,-999.0,-999.0,-999.000,-999.000,-999.0,-999.000,-999.000,-999.0,-999.000,-999.0,-999.0,-999.000,-999.000,-999.0,-999.000,-999.000,-999.0,-999.000,-999.000,-999.000,-999.000,-999.000,-999.000,-999.000,-999.000,-999.000,-999.000,-999.000
130300002,119.584,39.955,-999.0,-999.0,-999.0,-999.0,-999.0,9.62500,-999.0,-999.0,-999.0,-999.0,-999.0,-999.0,-999.0,-999.0,-999.0,-999.0,-999.0,-999.000,-999.000,-999.0,-999.000,-999.000,-999.0,-999.000,-999.0,-999.0,-999.000,-999.000,-999.0,-999.000,-999.000,-999.0,-999.000,-999.000,-999.000,-999.000,-999.000,-999.000,-999.000,-999.000,-999.000,-999.000,-999.000
140500001,112.857,35.488,-999.0,-999.0,-999.0,-999.0,-999.0,-999.0,-999.0,-999.0,-999.0,-999.0,-999.0,-999.0,-999.0,-999.0,-999.0,-999.0,-999.0,-999.000,-999.000,-999.0,-999.000,-999.000,-999.0,-999.000,-999.0,-999.0,-999.000,-999.000,-999.0,-999.000,-999.000,-999.0,-999.000,-999.000,-999.000,-999.000,-999.000,-999.000,-999.000,-999.000,-999.000,-999.000,-999.000
140300001,113.589,37.848,-999.0,-999.0,0.10700,-999.0,-999.0,-999.0,-999.0,-999.0,-999.0,-999.0,-999.0,-999.0,-999.0,-999.0,-999.0,-999.0,-999.0,-999.000,-999.000,-999.0,-999.000,-999.000,-999.0,-999.000,-999.0,-999.0,-999.000,-999.000,-999.0,-999.000,-999.000,-999.0,-999.000,-999.000,-999.000,-999.000,-999.000,-999.000,-999.000,-999.000,-999.000,-999.000,-999.000
120000005,117.042,39.384,-999.0,-999.0,-999.0,-999.0,-999.0,-999.0,0.53000,-999.0,-999.0,-999.0,-999.0,-999.0,-999.0,-999.0,-999.0,-999.0,-999.0,-999.000,-999.000,-999.0,-999.000,-999.000,-999.0,-999.000,-999.0,-999.0,-999.000,-999.000,-999.0,-999.000,-999.000,-999.0,-999.000,-999.000,-999.000,-999.000,-999.000,-999.000,-999.000,-999.000,-999.000,-999.000,-999.000
320100001,118.762,32.066,-999.0,-999.0,-999.0,-999.0,-999.0,-999.0,-999.0,-999.0,-999.0,-999.0,-999.0,-999.0,-999.0,-999.0,-999.0,-999.0,-999.0,-999.000,-999.000,-999.0,-999.000,-999.000,-999.0,-999.000,-999.0,-999.0,-999.000,-999.000,-999.0,-999.000,-999.000,-999.0,-999.000,-999.000,-999.000,-999.000,-999.000,-999.000,-999.000,-999.000,-999.000,-999.000,-999.000
370100001,117.171,36.669,-999.0,-999.0,-999.0,-999.0,-999.0,-999.0,-999.0,-999.0,-999.0,-999.0,-999.0,-999.0,-999.0,-999.0,-999.0,-999.0,-999.0,-999.000,-999.000,-999.0,-999.000,-999.000,-999.0,-999.000,-999.0,-999.0,-999.000,-999.000,-999.0,-999.000,-999.000,-999.0,-999.000,-999.000,-999.000,-999.000,-999.000,-999.000,-999.000,-999.000,-999.000,-999.000,-999.000
110000016,116.732,40.203,-999.0,-999.0,-999.0,-999.0,-999.0,-999.0,-999.0,-999.0,-999.0,-999.0,-999.0,-999.0,-999.0,-999.0,-999.0,-999.0,-999.0,-999.000,-999.000,-999.0,-999.000,-999.000,-999.0,-999.000,-999.0,-999.0,-999.000,-999.000,-999.0,-999.000,-999.000,-999.0,-999.000,-999.000,-999.000,-999.000,-999.000,-999.000,-999.000,-999.000,-999.000,-999.000,-999.000
120000004,117.283,39.683,-999.0,-999.0,-999.0,-999.0,-999.0,-999.0,-999.0,-999.0,-999.0,-999.0,-999.0,-999.0,-999.0,-999.0,-999.0,-999.0,-999.0,-999.000,-999.000,-999.0,-999.000,-999.000,-999.0,-999.000,-999.0,-999.0,-999.000,-999.000,-999.0,-999.000,-999.000,-999.0,-999.000,-999.000,-999.000,-999.000,-999.000,-999.000,-999.000,-999.000,-999.000,-999.000,-999.000
370300001,117.983,36.835,-999.0,-999.0,-999.0,-999.0,-999.0,-999.0,-999.0,-999.0,-999.0,-999.0,-999.0,9.47800,1.31483,-999.0,-999.0,-999.0,-999.0,-999.000,-999.000,-999.0,-999.000,-999.000,-999.0,-999.000,-999.0,-999.0,-999.000,-999.000,-999.0,-999.000,-999.000,-999.0,-999.000,-999.000,-999.000,-999.000,-999.000,-999.000,-999.000,-999.000,-999.000,-999.000,-999.000
130600004,115.946,38.945,-999.0,-999.0,-999.0,-999.0,8.94800,-999.0,-999.0,-999.0,-999.0,-999.0,-999.0,-999.0,-999.0,-999.0,-999.0,-999.0,-999.0,-999.000,-999.000,-999.0,-999.000,-999.000,-999.0,-999.000,-999.0,-999.0,-999.000,-999.000,-999.0,-999.000,-999.000,-999.0,-999.000,-999.000,-999.000,-999.000,-999.000,-999.000,-999.000,-999.000,-999.000,-999.000,-999.000
140400001,113.110,36.199,-999.0,-999.0,-999.0,-999.0,-999.0,-999.0,-999.0,-999.0,-999.0,-999.0,-999.0,-999.0,-999.0,-999.0,-999.0,-999.0,-999.0,-999.000,-999.000,-999.0,-999.000,-999.000,-999.0,-999.000,-999.0,-999.0,-999.000,-999.000,-999.0,-999.000,-999.000,-999.0,-999.000,-999.000,-999.000,-999.000,-999.000,-999.000,-999.000,-999.000,-999.000,-999.000,-999.000
430100001,113.090,28.204,-999.0,-999.0,-999.0,-999.0,-999.0,-999.0,-999.0,-999.0,-999.0,-999.0,-999.0,-999.0,-999.0,-999.0,-999.0,-999.0,-999.0,-999.000,-999.000,-999.0,-999.000,-999.000,-999.0,-999.000,-999.0,-999.0,-999.000,-999.000,-999.0,-999.000,-999.000,-999.0,-999.000,-999.000,-999.000,-999.000,-999.000,-999.000,-999.000,-999.000,-999.000,-999.000,-999.000
131000005,116.702,39.545,-999.0,-999.0,-999.0,-999.0,17.51400,-999.0,0.26900,0.57800,0.11100,-999.0,-999.0,-999.0,1.23900,-999.0,-999.0,-999.0,-999.0,-999.000,-999.000,-999.0,-999.000,-999.000,-999.0,-999.000,-999.0,-999.0,-999.000,-999.000,-999.0,-999.000,-999.000,-999.0,-999.000,-999.000,-999.000,-999.000,-999.000,-999.000,-999.000,-999.000,-999.000,-999.000,-999.000
110000004,116.424,40.049,-999.0,-999.0,-999.0,-999.0,-999.0,-999.0,-999.0,-999.0,-999.0,-999.0,-999.0,-999.0,-999.0,-999.0,-999.0,-999.0,-999.0,-999.000,-999.000,-999.0,-999.000,-999.000,-999.0,-999.000,-999.0,-999.0,-999.000,-999.000,-999.0,-999.000,-999.000,-999.0,-999.000,-999.000,-999.000,-999.000,-999.000,-999.000,-999.000,-999.000,-999.000,-999.000,-999.000
130900003,116.839,38.304,-999.0,-999.0,-999.0,-999.0,-999.0,-999.0,-999.0,-999.0,-999.0,-999.0,-999.0,-999.0,-999.0,-999.0,-999.0,-999.0,-999.0,-999.000,-999.000,-999.0,-999.000,-999.000,-999.0,-999.000,-999.0,-999.0,-999.000,-999.000,-999.0,-999.000,-999.000,-999.0,-999.000,-999.000,-999.000,-999.000,-999.000,-999.000,-999.000,-999.000,-999.000,-999.000,-999.000
371400003,115.823,36.952,-999.0,-999.0,-999.0,-999.0,-999.0,-999.0,-999.0,-999.0,-999.0,-999.0,-999.0,6.10145,1.04082,-999.0,-999.0,-999.0,-999.0,-999.000,-999.000,-999.0,-999.000,-999.000,-999.0,-999.000,-999.0,-999.0,-999.000,-999.000,-999.0,-999.000,-999.000,-999.0,-999.000,-999.000,-999.000,-999.000,-999.000,-999.000,-999.000,-999.000,-999.000,-999.000,-999.000
130300001,119.622,39.912,-999.0,-999.0,-999.0,-999.0,-999.0,-999.0,-999.0,-999.0,-999.0,-999.0,-999.0,-999.0,-999.0,-999.0,-999.0,-999.0,-999.0,-999.000,-999.000,-999.0,-999.000,-999.000,-999.0,-999.000,-999.0,-999.0,-999.000,-999.000,-999.0,-999.000,-999.000,-999.0,-999.000,-999.000,-999.000,-999.000,-999.000,-999.000,-999.000,-999.000,-999.000,-999.000,-999.000
131000003,116.709,39.551,-999.0,-999.0,-999.0,-999.0,-999.0,-999.0,-999.0,-999.0,-999.0,-999.0,-999.0,-999.0,-999.0,-999.0,-999.0,-999.0,-999.0,-999.000,-999.000,-999.0,-999.000,-999.000,-999.0,-999.000,-999.0,-999.0,-999.000,-999.000,-999.0,-999.000,-999.000,-999.0,-999.000,-999.000,-999.000,-999.000,-999.000,-999.000,-999.000,-999.000,-999.000,-999.000,-999.000
1320200001,120.317,31.513,-999.0,-999.0,-999.0,-999.0,-999.0,-999.0,-999.0,-999.0,-999.0,-999.0,-999.0,-999.0,-999.0,-999.0,-999.0,-999.0,-999.0,-999.000,-999.000,-999.0,-999.000,-999.000,-999.0,-999.000,-999.0,-999.0,-999.000,-999.000,-999.0,-999.000,-999.000,-999.0,-999.000,-999.000,-999.000,-999.000,-999.000,-999.000,-999.000,-999.000,-999.000,-999.000,-999.000
110000010,116.266,39.499,-999.0,-999.0,-999.0,-999.0,-999.0,-999.0,-999.0,-999.0,-999.0,-999.0,-999.0,-999.0,-999.0,-999.0,-999.0,-999.0,-999.0,-999.000,-999.000,-999.0,-999.000,-999.000,-999.0,-999.000,-999.0,-999.0,-999.000,-999.000,-999.0,-999.000,-999.000,-999.0,-999.000,-999.000,-999.000,-999.000,-999.000,-999.000,-999.000,-999.000,-999.000,-999.000,-999.000
130200001,118.130,39.634,-999.0,-999.0,-999.0,-999.0,-999.0,-999.0,-999.0,-999.0,-999.0,-999.0,-999.0,-999.0,-999.0,-999.0,-999.0,-999.0,-999.0,-999.000,-999.000,-999.0,-999.000,-999.000,-999.0,-999.000,-999.0,-999.0,-999.000,-999.000,-999.0,-999.000,-999.000,-999.0,-999.000,-999.000,-999.000,-999.000,-999.000,-999.000,-999.000,-999.000,-999.000,-999.000,-999.000
110000002,116.342,39.727,-999.0,-999.0,-999.0,-999.0,-999.0,-999.0,-999.0,-999.0,-999.0,-999.0,-999.0,-999.0,-999.0,-999.0,-999.0,-999.0,-999.0,-999.000,-999.000,-999.0,-999.000,-999.000,-999.0,-999.000,-999.0,-999.0,-999.000,-999.000,-999.0,-999.000,-999.000,-999.0,-999.000,-999.000,-999.000,-999.000,-999.000,-999.000,-999.000,-999.000,-999.000,-999.000,-999.000
131100003,115.678,37.732,-999.0,-999.0,-999.0,-999.0,-999.0,-999.0,-999.0,-999.0,-999.0,-999.0,-999.0,-999.0,-999.0,-999.0,-999.0,-999.0,-999.0,-999.000,-999.000,-999.0,-999.000,-999.000,-999.0,-999.000,-999.0,-999.0,-999.000,-999.000,-999.0,-999.000,-999.000,-999.0,-999.000,-999.000,-999.000,-999.000,-999.000,-999.000,-999.000,-999.000,-999.000,-999.000,-999.000
110000008,116.684,39.542,-999.0,-999.0,-999.0,-999.0,-999.0,-999.0,-999.0,-999.0,-999.0,-999.0,-999.0,-999.0,-999.0,-999.0,-999.0,-999.0,-999.0,-999.000,-999.000,-999.0,-999.000,-999.000,-999.0,-999.000,-999.0,-999.0,-999.000,-999.000,-999.0,-999.000,-999.000,-999.0,-999.000,-999.000,-999.000,-999.000,-999.000,-999.000,-999.000,-999.000,-999.000,-999.000,-999.000
410500002,114.398,36.089,-999.0,-999.0,-999.0,-999.0,-999.0,-999.0,-999.0,-999.0,-999.0,-999.0,-999.0,-999.0,-999.0,-999.0,-999.0,-999.0,-999.0,-999.000,-999.000,-999.0,-999.000,-999.000,-999.0,-999.000,-999.0,-999.0,-999.000,-999.000,-999.0,-999.000,-999.000,-999.0,-999.000,-999.000,-999.000,-999.000,-999.000,-999.000,-999.000,-999.000,-999.000,-999.000,-999.000
130400002,114.497,36.571,-999.0,-999.0,-999.0,-999.0,-999.0,-999.0,-999.0,-999.0,-999.0,-999.0,-999.0,-999.0,-999.0,-999.0,-999.0,-999.0,-999.0,-999.000,-999.000,-999.0,-999.000,-999.000,-999.0,-999.000,-999.0,-999.0,-999.000,-999.000,-999.0,-999.000,-999.000,-999.0,-999.000,-999.000,-999.000,-999.000,-999.000,-999.000,-999.000,-999.000,-999.000,-999.000,-999.000
370800001,116.623,35.429,-999.0,-999.0,-999.0,-999.0,-999.0,-999.0,-999.0,-999.0,-999.0,-999.0,-999.0,5.34725,0.87363,-999.0,-999.0,-999.0,-999.0,-999.000,-999.000,-999.0,-999.000,-999.000,-999.0,-999.000,-999.0,-999.0,-999.000,-999.000,-999.0,-999.000,-999.000,-999.0,-999.000,-999.000,-999.000,-999.000,-999.000,-999.000,-999.000,-999.000,-999.000,-999.000,-999.000
110000009,116.771,39.628,-999.0,-999.0,-999.0,-999.0,-999.0,-999.0,-999.0,-999.0,-999.0,-999.0,-999.0,-999.0,-999.0,-999.0,-999.0,-999.0,-999.0,-999.000,-999.000,-999.0,-999.000,-999.000,-999.0,-999.000,-999.0,-999.0,-999.000,-999.000,-999.0,-999.000,-999.000,-999.0,-999.000,-999.000,-999.000,-999.000,-999.000,-999.000,-999.000,-999.000,-999.000,-999.000,-999.000
110000011,115.831,39.542,-999.0,-999.0,-999.0,-999.0,-999.0,-999.0,-999.0,-999.0,-999.0,-999.0,-999.0,-999.0,-999.0,-999.0,-999.0,-999.0,-999.0,-999.000,-999.000,-999.0,-999.000,-999.000,-999.0,-999.000,-999.0,-999.0,-999.000,-999.000,-999.0,-999.000,-999.000,-999.0,-999.000,-999.000,-999.000,-999.000,-999.000,-999.000,-999.000,-999.000,-999.000,-999.000,-999.000
120000001,117.159,39.099,-999.0,-999.0,-999.0,-999.0,-999.0,-999.0,-999.0,-999.0,-999.0,-999.0,-999.0,-999.0,-999.0,-999.0,-999.0,-999.0,-999.0,-999.000,-999.000,-999.0,-999.000,-999.000,-999.0,-999.000,-999.0,-999.0,-999.000,-999.000,-999.0,-999.000,-999.000,-999.0,-999.000,-999.000,-999.000,-999.000,-999.000,-999.000,-999.000,-999.000,-999.000,-999.000,-999.000
131000004,117.006,39.761,-999.0,-999.0,-999.0,-999.0,-999.0,-999.0,-999.0,-999.0,-999.0,-999.0,-999.0,-999.0,-999.0,-999.0,-999.0,-999.0,-999.0,-999.000,-999.000,-999.0,-999.000,-999.000,-999.0,-999.000,-999.0,-999.0,-999.000,-999.000,-999.0,-999.000,-999.000,-999.0,-999.000,-999.000,-999.000,-999.000,-999.000,-999.000,-999.000,-999.000,-999.000,-999.000,-999.000
410900001,115.032,35.763,-999.0,-999.0,-999.0,-999.0,-999.0,-999.0,-999.0,-999.0,-999.0,-999.0,-999.0,-999.0,-999.0,-999.0,-999.0,-999.0,-999.0,-999.000,-999.000,-999.0,-999.000,-999.000,-999.0,-999.000,-999.0,-999.0,-999.000,-999.000,-999.0,-999.000,-999.000,-999.0,-999.000,-999.000,-999.000,-999.000,-999.000,-999.000,-999.000,-999.000,-999.000,-999.000,-999.000
410700002,113.924,35.303,-999.0,-999.0,-999.0,-999.0,-999.0,-999.0,-999.0,-999.0,-999.0,-999.0,-999.0,-999.0,-999.0,-999.0,-999.0,-999.0,-999.0,-999.000,-999.000,-999.0,-999.000,-999.000,-999.0,-999.000,-999.0,-999.0,-999.000,-999.000,-999.0,-999.000,-999.000,-999.0,-999.000,-999.000,-999.000,-999.000,-999.000,-999.000,-999.000,-999.000,-999.000,-999.000,-999.000
130100005,114.480,38.094,-999.0,-999.0,-999.0,-999.0,-999.0,-999.0,-999.0,-999.0,-999.0,-999.0,-999.0,-999.0,-999.0,-999.0,0.00990,-999.0,0.61924,-999.000,-999.000,-999.0,-999.000,-999.000,-999.0,-999.000,-999.0,-999.0,-999.000,-999.000,0.01520,-999.000,-999.000,-999.0,-999.000,-999.000,-999.000,-999.000,-999.000,-999.000,-999.000,-999.000,-999.000,-999.000,-999.000
120000006,117.412,40.055,-999.0,-999.0,-999.0,-999.0,-999.0,-999.0,-999.0,-999.0,-999.0,-999.0,0.20300,-999.0,-999.0,-999.0,-999.0,-999.0,-999.0,-999.000,-999.000,-999.0,-999.000,-999.000,-999.0,-999.000,-999.0,-999.0,-999.000,-999.000,-999.0,-999.000,-999.000,-999.0,-999.000,-999.000,-999.000,-999.000,-999.000,-999.000,-999.000,-999.000,-999.000,-999.000,-999.000
410100002,113.606,34.748,-999.0,-999.0,-999.0,-999.0,-999.0,-999.0,-999.0,-999.0,-999.0,-999.0,-999.0,-999.0,-999.0,-999.0,-999.0,-999.0,-999.0,-999.000,-999.000,-999.0,-999.000,-999.000,-999.0,-999.000,-999.0,-999.0,-999.000,-999.000,-999.0,-999.000,-999.000,-999.0,-999.000,-999.000,-999.000,-999.000,-999.000,-999.000,-999.000,-999.000,-999.000,-999.000,-999.000
130700003,114.895,40.834,-999.0,-999.0,0.36000,-999.0,-999.0,-999.0,-999.0,0.56600,-999.0,-999.0,0.03000,-999.0,-999.0,-999.0,-999.0,-999.0,-999.0,-999.000,-999.000,-999.0,-999.000,-999.000,-999.0,-999.000,-999.0,-999.0,-999.000,-999.000,-999.0,-999.000,-999.000,-999.0,-999.000,-999.000,-999.000,-999.000,-999.000,-999.000,-999.000,-999.000,-999.000,-999.000,-999.000
130500002,114.532,37.086,-999.0,-999.0,-999.0,-999.0,-999.0,-999.0,-999.0,-999.0,-999.0,-999.0,-999.0,-999.0,-999.0,-999.0,-999.0,-999.0,-999.0,-999.000,-999.000,-999.0,-999.000,-999.000,-999.0,-999.000,-999.0,-999.0,-999.000,-999.000,-999.0,-999.000,-999.000,-999.0,-999.000,-999.000,-999.000,-999.000,-999.000,-999.000,-999.000,-999.000,-999.000,-999.000,-999.000
410800001,113.279,35.206,-999.0,-999.0,-999.0,-999.0,-999.0,-999.0,-999.0,-999.0,-999.0,-999.0,-999.0,-999.0,-999.0,-999.0,-999.0,-999.0,-999.0,-999.000,-999.000,-999.0,-999.000,-999.000,-999.0,-999.000,-999.0,-999.0,-999.000,-999.000,-999.0,-999.000,-999.000,-999.0,-999.000,-999.000,-999.000,-999.000,-999.000,-999.000,-999.000,-999.000,-999.000,-999.000,-999.000
130200002,118.193,39.623,-999.0,-999.0,-999.0,-999.0,-999.0,-999.0,-999.0,-999.0,-999.0,-999.0,-999.0,-999.0,-999.0,-999.0,-999.0,-999.0,-999.0,-999.000,-999.000,-999.0,-999.000,-999.000,-999.0,-999.000,-999.0,-999.0,-999.000,-999.000,-999.0,-999.000,-999.000,-999.0,-999.000,-999.000,-999.000,-999.000,-999.000,-999.000,-999.000,-999.000,-999.000,-999.000,-999.000
410500001,114.399,36.089,-999.0,-999.0,-999.0,-999.0,-999.0,-999.0,-999.0,-999.0,-999.0,-999.0,-999.0,-999.0,-999.0,-999.0,-999.0,-999.0,-999.0,-999.000,-999.000,-999.0,-999.000,-999.000,-999.0,-999.000,-999.0,-999.0,-999.000,-999.000,-999.0,-999.000,-999.000,-999.0,-999.000,-999.000,-999.000,-999.000,-999.000,-999.000,-999.000,-999.000,-999.000,-999.000,-999.000
140800001,110.968,35.031,-999.0,-999.0,0.25225,0.27538,6.63137,6.54775,0.38825,0.35454,0.12779,3.62592,0.08721,5.05067,0.97313,-999.0,-999.0,-999.0,-999.0,-999.000,-999.000,-999.0,-999.000,-999.000,-999.0,-999.000,-999.0,-999.0,-999.000,-999.000,-999.0,-999.000,-999.000,-999.0,-999.000,-999.000,-999.000,-999.000,-999.000,-999.000,-999.000,-999.000,-999.000,-999.000,-999.000
371700001,115.522,35.213,-999.0,-999.0,-999.0,-999.0,-999.0,-999.0,-999.0,-999.0,-999.0,-999.0,-999.0,3.87679,1.00058,-999.0,-999.0,-999.0,-999.0,-999.000,-999.000,-999.0,-999.000,-999.000,-999.0,-999.000,-999.0,-999.0,-999.000,-999.000,-999.0,-999.000,-999.000,-999.0,-999.000,-999.000,-999.000,-999.000,-999.000,-999.000,-999.000,-999.000,-999.000,-999.000,-999.000
410100003,113.733,34.772,-999.0,-999.0,-999.0,-999.0,-999.0,-999.0,-999.0,-999.0,-999.0,-999.0,-999.0,-999.0,-999.0,-999.0,-999.0,-999.0,-999.0,-999.000,-999.000,-999.0,-999.000,-999.000,-999.0,-999.000,-999.0,-999.0,-999.000,-999.000,-999.0,-999.000,-999.000,-999.0,-999.000,-999.000,-999.000,-999.000,-999.000,-999.000,-999.000,-999.000,-999.000,-999.000,-999.000
371400002,116.362,37.444,-999.0,-999.0,-999.0,-999.0,-999.0,-999.0,-999.0,-999.0,-999.0,-999.0,-999.0,-999.0,-999.0,-999.0,-999.0,-999.0,-999.0,-999.000,-999.000,-999.0,-999.000,-999.000,-999.0,-999.000,-999.0,-999.0,-999.000,-999.000,-999.0,-999.000,-999.000,-999.0,-999.000,-999.000,-999.000,-999.000,-999.000,-999.000,-999.000,-999.000,-999.000,-999.000,-999.000
1320500001,120.630,31.286,-999.0,-999.0,-999.0,-999.0,-999.0,-999.0,-999.0,-999.0,-999.0,-999.0,-999.0,-999.0,-999.0,-999.0,-999.0,-999.0,-999.0,-999.000,-999.000,-999.0,-999.000,-999.000,-999.0,-999.000,-999.0,-999.0,-999.000,-999.000,-999.0,-999.000,-999.000,-999.0,-999.000,-999.000,-999.000,-999.000,-999.000,-999.000,-999.000,-999.000,-999.000,-999.000,-999.000
110000003,116.322,39.105,-999.0,-999.0,-999.0,-999.0,-999.0,-999.0,-999.0,-999.0,-999.0,-999.0,-999.0,-999.0,-999.0,-999.0,-999.0,-999.0,-999.0,-999.000,-999.000,-999.0,-999.000,-999.000,-999.0,-999.000,-999.0,-999.0,-999.000,-999.000,-999.0,-999.000,-999.000,-999.0,-999.000,-999.000,-999.000,-999.000,-999.000,-999.000,-999.000,-999.000,-999.000,-999.000,-999.000
350100002,119.290,26.110,-999.0,-999.0,-999.0,-999.0,-999.0,-999.0,-999.0,-999.0,-999.0,-999.0,-999.0,-999.0,-999.0,-999.0,-999.0,-999.0,-999.0,-999.000,-999.000,-999.0,-999.000,-999.000,-999.0,-999.000,-999.0,-999.0,-999.000,-999.000,-999.0,-999.000,-999.000,-999.0,-999.000,-999.000,-999.000,-999.000,-999.000,-999.000,-999.000,-999.000,-999.000,-999.000,-999.000
131100002,115.684,37.733,-999.0,-999.0,-999.0,-999.0,-999.0,-999.0,-999.0,-999.0,-999.0,-999.0,-999.0,-999.0,-999.0,-999.0,-999.0,-999.0,-999.0,-999.000,-999.000,-999.0,-999.000,-999.000,-999.0,-999.000,-999.0,-999.0,-999.000,-999.000,-999.0,-999.000,-999.000,-999.0,-999.000,-999.000,-999.000,-999.000,-999.000,-999.000,-999.000,-999.000,-999.000,-999.000,-999.000
130600002,115.481,38.836,-999.0,-999.0,-999.0,-999.0,-999.0,-999.0,-999.0,-999.0,-999.0,-999.0,-999.0,-999.0,-999.0,-999.0,-999.0,-999.0,-999.0,-999.000,-999.000,-999.0,-999.000,-999.000,-999.0,-999.000,-999.0,-999.0,-999.000,-999.000,-999.0,-999.000,-999.000,-999.0,-999.000,-999.000,-999.000,-999.000,-999.000,-999.000,-999.000,-999.000,-999.000,-999.000,-999.000
1320600001,120.948,31.991,-999.0,-999.0,-999.0,0.77400,9.63900,4.64100,-999.0,0.08400,0.13700,4.74800,-999.0,-999.0,-999.0,-999.0,-999.0,-999.0,-999.0,-999.000,-999.000,-999.0,-999.000,-999.000,-999.0,-999.000,-999.0,-999.0,-999.000,-999.000,-999.0,-999.000,-999.000,-999.0,-999.000,-999.000,-999.000,-999.000,-999.000,-999.000,-999.000,-999.000,-999.000,-999.000,-999.000
410600001,114.291,35.722,-999.0,-999.0,-999.0,-999.0,-999.0,-999.0,-999.0,-999.0,-999.0,-999.0,-999.0,-999.0,-999.0,-999.0,-999.0,-999.0,-999.0,-999.000,-999.000,-999.0,-999.000,-999.000,-999.0,-999.000,-999.0,-999.0,-999.000,-999.000,-999.0,-999.000,-999.000,-999.0,-999.000,-999.000,-999.000,-999.000,-999.000,-999.000,-999.000,-999.000,-999.000,-999.000,-999.000
370100002,117.062,36.658,-999.0,-999.0,-999.0,-999.0,-999.0,-999.0,-999.0,-999.0,-999.0,-999.0,-999.0,8.50992,1.30212,-999.0,0.00922,-999.0,0.79546,-999.000,-999.000,0.01280,-999.000,-999.000,-999.0,-999.000,0.46850,-999.0,-999.000,-999.000,-999.0,-999.000,-999.000,-999.0,-999.000,-999.000,-999.000,-999.000,-999.000,-999.000,-999.000,-999.000,-999.000,-999.000,-999.000
130100004,114.536,38.025,-999.0,-999.0,-999.0,-999.0,-999.0,-999.0,-999.0,-999.0,-999.0,-999.0,-999.0,-999.0,-999.0,-999.0,-999.0,-999.0,-999.0,-999.000,-999.000,-999.0,-999.000,-999.000,-999.0,-999.000,-999.0,-999.0,-999.000,-999.000,-999.0,-999.000,-999.000,-999.0,-999.000,-999.000,-999.000,-999.000,-999.000,-999.000,-999.000,-999.000,-999.000,-999.000,-999.000
1340100001,117.196,31.785,-999.0,-999.0,-999.0,-999.0,-999.0,-999.0,-999.0,-999.0,-999.0,-999.0,-999.0,-999.0,-999.0,-999.0,-999.0,-999.0,-999.0,-999.000,-999.000,-999.0,-999.000,-999.000,-999.0,-999.000,-999.0,-999.0,-999.000,-999.000,-999.0,-999.000,-999.000,-999.0,-999.000,-999.000,-999.000,-999.000,-999.000,-999.000,-999.000,-999.000,-999.000,-999.000,-999.000
371600001,118.006,37.380,-999.0,-999.0,-999.0,-999.0,-999.0,-999.0,-999.0,-999.0,-999.0,-999.0,-999.0,5.35717,1.25183,-999.0,-999.0,-999.0,-999.0,-999.000,-999.000,-999.0,-999.000,-999.000,-999.0,-999.000,-999.0,-999.0,-999.000,-999.000,-999.0,-999.000,-999.000,-999.0,-999.000,-999.000,-999.000,-999.000,-999.000,-999.000,-999.000,-999.000,-999.000,-999.000,-999.000
110000001,116.415,40.041,-999.0,-999.0,-999.0,-999.0,-999.0,-999.0,-999.0,-999.0,-999.0,-999.0,-999.0,-999.0,-999.0,-999.0,-999.0,-999.0,-999.0,-999.000,-999.000,-999.0,-999.000,-999.000,-999.0,-999.000,-999.0,-999.0,-999.000,-999.000,-999.0,-999.000,-999.000,-999.0,-999.000,-999.000,-999.000,-999.000,-999.000,-999.000,-999.000,-999.000,-999.000,-999.000,-999.000
110000012,116.426,40.048,52.78000,84.93000,-999.0,0.23000,8.38000,11.05200,0.13700,1.12600,0.19000,5.78000,0.05000,0.38000,0.74000,0.00091,-999.0,-999.0,-999.0,-999.000,-999.000,-999.0,-999.000,-999.000,-999.0,-999.000,-999.0,-999.0,-999.000,-999.000,-999.0,-999.000,-999.000,-999.0,-999.000,-999.000,-999.000,-999.000,-999.000,-999.000,-999.000,-999.000,-999.000,-999.000,-999.000
1306000001,116.034,39.492,-999.0,-999.0,-999.0,-999.0,-999.0,-999.0,-999.0,-999.0,-999.0,-999.0,-999.0,-999.0,-999.0,-999.0,-999.0,-999.0,-999.0,-999.000,-999.000,-999.0,-999.000,-999.000,-999.0,-999.000,-999.0,-999.0,-999.000,-999.000,-999.0,-999.000,-999.000,-999.0,-999.000,-999.000,-999.000,-999.000,-999.000,-999.000,-999.000,-999.000,-999.000,-999.000,-999.000
1307000001,114.898,40.837,-999.0,-999.0,-999.0,-999.0,-999.0,-999.0,-999.0,-999.0,-999.0,-999.0,-999.0,-999.0,-999.0,-999.0,-999.0,-999.0,-999.0,-999.000,-999.000,-999.0,-999.000,-999.000,-999.0,-999.000,-999.0,-999.0,-999.000,-999.000,-999.0,-999.000,-999.000,-999.0,-999.000,-999.000,-999.000,-999.000,-999.000,-999.000,-999.000,-999.000,-999.000,-999.000,-999.000
1311000001,115.694,37.808,-999.0,-999.0,-999.0,-999.0,-999.0,-999.0,-999.0,-999.0,-999.0,-999.0,-999.0,-999.0,-999.0,-999.0,-999.0,-999.0,-999.0,-999.000,-999.000,-999.0,-999.000,-999.000,-999.0,-999.000,-999.0,-999.0,-999.000,-999.000,-999.0,-999.000,-999.000,-999.0,-999.000,-999.000,-999.000,-999.000,-999.000,-999.000,-999.000,-999.000,-999.000,-999.000,-999.000
3701000001,117.610,36.720,-999.0,-999.0,-999.0,-999.0,-999.0,-999.0,-999.0,-999.0,-999.0,-999.0,-999.0,-999.0,-999.0,-999.0,-999.0,-999.0,-999.0,-999.000,-999.000,-999.0,-999.000,-999.000,-999.0,-999.000,-999.0,-999.0,-999.000,-999.000,-999.0,-999.000,-999.000,-999.0,-999.000,-999.000,-999.000,-999.000,-999.000,-999.000,-999.000,-999.000,-999.000,-999.000,-999.000
1200000004,117.850,39.494,-999.0,-999.0,-999.0,-999.0,-999.0,-999.0,-999.0,-999.0,-999.0,-999.0,-999.0,-999.0,-999.0,-999.0,-999.0,-999.0,-999.0,-999.000,-999.000,-999.0,-999.000,-999.000,-999.0,-999.000,-999.0,-999.0,-999.000,-999.000,-999.0,-999.000,-999.000,-999.0,-999.000,-999.000,-999.000,-999.000,-999.000,-999.000,-999.000,-999.000,-999.000,-999.000,-999.000
120000003,117.223,39.173,-999.0,-999.0,-999.0,-999.0,-999.0,-999.0,0.56900,0.78600,-999.0,-999.0,-999.0,-999.0,-999.0,-999.0,-999.0,-999.0,-999.0,-999.000,-999.000,-999.0,-999.000,-999.000,-999.0,-999.000,-999.0,-999.0,-999.000,-999.000,-999.0,-999.000,-999.000,-999.0,-999.000,-999.000,-999.000,-999.000,-999.000,-999.000,-999.000,-999.000,-999.000,-999.000,-999.000
140100001,112.547,37.874,-999.0,-999.0,-999.0,-999.0,-999.0,-999.0,-999.0,-999.0,-999.0,-999.0,-999.0,-999.0,-999.0,-999.0,-999.0,-999.0,-999.0,-999.000,-999.000,-999.0,-999.000,-999.000,-999.0,-999.000,-999.0,-999.0,-999.000,-999.000,-999.0,-999.000,-999.000,-999.0,-999.000,-999.000,-999.000,-999.000,-999.000,-999.000,-999.000,-999.000,-999.000,-999.000,-999.000
