stationcode,longitude,latitude,PM25,PM10,F-,Cl-,NO3-,SO42-,Ca2+,Na+,K+,NH4+,Mg2+,OC,EC,Hg,Br,As,Si,Se,Te,V,Ca,Ti,Ba,Sc,Pd,Co,Mo,K,Fe,Pb,TI,Cu,Al,Cr,Cs,Ag,Zn,Sb,Sn,Mn,Cd,Ni,Ga
110000006,116.041,39.597,-999.0,-999.000,-999.0,-999.0,-999.0,-999.0,-999.0,-999.0,-999.0,-999.0,-999.0,-999.0,-999.0,-999.0,-999.0,-999.0,-999.0,-999.0,-999.0,-999.0,-999.0,-999.0,-999.0,-999.0,-999.0,-999.0,-999.0,-999.0,-999.0,-999.0,-999.0,-999.0,-999.0,-999.0,-999.0,-999.0,-999.0,-999.0,-999.0,-999.0,-999.0,-999.0,-999.0
371500001,115.974,36.493,-999.0,-999.000,-999.0,-999.0,-999.0,-999.0,-999.0,-999.0,-999.0,-999.0,-999.0,7.00200,1.11200,-999.0,-999.0,-999.0,-999.0,-999.0,-999.0,-999.0,-999.0,-999.0,-999.0,-999.0,-999.0,-999.0,-999.0,-999.0,-999.0,-999.0,-999.0,-999.0,-999.0,-999.0,-999.0,-999.0,-999.0,-999.0,-999.0,-999.0,-999.0,-999.0,-999.0
150100001,111.752,40.841,-999.0,-999.000,-999.0,-999.0,-999.0,-999.0,-999.0,-999.0,-999.0,-999.0,-999.0,-999.0,-999.0,-999.0,-999.0,-999.0,-999.0,-999.0,-999.0,-999.0,-999.0,-999.0,-999.0,-999.0,-999.0,-999.0,-999.0,-999.0,-999.0,-999.0,-999.0,-999.0,-999.0,-999.0,-999.0,-999.0,-999.0,-999.0,-999.0,-999.0,-999.0,-999.0,-999.0
1320100001,118.754,32.055,-999.0,-999.000,-999.0,-999.0,3.73600,8.99800,0.12900,0.13400,0.36000,4.21500,-999.0,4.68500,2.82300,0.00077,-999.0,0.00240,0.11987,0.00226,-999.0,0.00606,0.11588,0.01005,0.00636,-999.0,1.32000,0.00018,-999.0,0.31049,0.28979,0.01308,-999.0,0.01193,0.24959,0.00500,-999.0,0.01080,0.07445,-999.0,-999.0,0.02616,0.01089,0.00450,-999.0
410200001,114.331,34.761,-999.0,-999.000,-999.0,-999.0,-999.0,-999.0,-999.0,-999.0,-999.0,-999.0,-999.0,4.61800,0.71800,-999.0,-999.0,-999.0,-999.0,-999.0,-999.0,-999.0,-999.0,-999.0,-999.0,-999.0,-999.0,-999.0,-999.0,-999.0,-999.0,-999.0,-999.0,-999.0,-999.0,-999.0,-999.0,-999.0,-999.0,-999.0,-999.0,-999.0,-999.0,-999.0,-999.0
140100002,112.482,37.719,-999.0,-999.000,-999.0,0.49800,1.05400,2.86600,0.13900,0.37600,0.06500,1.72500,0.02100,3.34200,0.35000,0.00010,0.00229,0.00766,0.23097,0.00360,-999.0,-999.0,0.24642,-999.0,-999.0,-999.0,-999.0,-999.0,-999.0,0.89976,0.38260,0.00315,-999.0,-999.0,-999.0,0.06483,-999.0,-999.0,0.02324,-999.0,-999.0,0.03541,-999.0,0.00582,-999.0
340100001,117.117,31.470,-999.0,-999.000,-999.0,-999.0,-999.0,-999.0,-999.0,-999.0,-999.0,-999.0,-999.0,-999.0,-999.0,-999.0,-999.0,-999.0,-999.0,-999.0,-999.0,-999.0,-999.0,-999.0,-999.0,-999.0,-999.0,-999.0,-999.0,-999.0,-999.0,-999.0,-999.0,-999.0,-999.0,-999.0,-999.0,-999.0,-999.0,-999.0,-999.0,-999.0,-999.0,-999.0,-999.0
410300001,112.419,34.613,-999.0,-999.000,0.09800,1.39000,29.91700,13.70400,0.38000,0.67200,0.77300,16.08000,0.12900,9.18000,1.80000,-999.0,-999.0,-999.0,-999.0,-999.0,-999.0,-999.0,-999.0,-999.0,-999.0,-999.0,-999.0,-999.0,-999.0,-999.0,-999.0,-999.0,-999.0,-999.0,-999.0,-999.0,-999.0,-999.0,-999.0,-999.0,-999.0,-999.0,-999.0,-999.0,-999.0
610100002,108.935,34.347,-999.0,-999.000,0.00500,0.22500,6.32100,2.69900,0.73500,0.27700,0.15700,1.99300,0.10700,2.98200,0.13100,-999.0,-999.0,-999.0,-999.0,-999.0,-999.0,-999.0,-999.0,-999.0,-999.0,-999.0,-999.0,-999.0,-999.0,-999.0,-999.0,-999.0,-999.0,-999.0,-999.0,-999.0,-999.0,-999.0,-999.0,-999.0,-999.0,-999.0,-999.0,-999.0,-999.0
1320300001,117.256,34.215,-999.0,-999.000,-999.0,17.30900,39.57300,1080.76400,-999.0,1.03400,-999.0,618.95100,-999.0,10.13500,1.90200,0.00005,0.01941,0.00202,-999.0,0.01556,0.09049,-999.0,1.74440,0.02971,0.04346,0.00009,0.01052,-999.0,-999.0,1.05793,2.39342,0.11249,0.00180,0.10248,-999.0,0.05568,0.00020,0.00186,0.29816,0.10625,0.02902,0.25375,0.00768,0.00897,0.00342
130600003,115.482,38.926,-999.0,-999.000,0.15100,0.16300,2.42300,3.09500,-999.0,0.41400,0.16300,1.15300,0.04600,8.59900,1.16800,-999.0,-999.0,-999.0,-999.0,-999.0,-999.0,-999.0,-999.0,-999.0,-999.0,-999.0,-999.0,-999.0,-999.0,-999.0,-999.0,-999.0,-999.0,-999.0,-999.0,-999.0,-999.0,-999.0,-999.0,-999.0,-999.0,-999.0,-999.0,-999.0,-999.0
130500001,114.482,37.066,-999.0,-999.000,-999.0,-999.0,-999.0,-999.0,-999.0,-999.0,-999.0,-999.0,-999.0,-999.0,-999.0,-999.0,-999.0,-999.0,-999.0,-999.0,-999.0,-999.0,-999.0,-999.0,-999.0,-999.0,-999.0,-999.0,-999.0,-999.0,-999.0,-999.0,-999.0,-999.0,-999.0,-999.0,-999.0,-999.0,-999.0,-999.0,-999.0,-999.0,-999.0,-999.0,-999.0
110000005,116.326,39.521,-999.0,-999.000,-999.0,-999.0,-999.0,-999.0,-999.0,-999.0,-999.0,-999.0,-999.0,-999.0,-999.0,-999.0,-999.0,-999.0,-999.0,-999.0,-999.0,-999.0,-999.0,-999.0,-999.0,-999.0,-999.0,-999.0,-999.0,-999.0,-999.0,-999.0,-999.0,-999.0,-999.0,-999.0,-999.0,-999.0,-999.0,-999.0,-999.0,-999.0,-999.0,-999.0,-999.0
1640100001,106.225,38.489,-999.0,-999.000,-999.0,-999.0,-999.0,-999.0,-999.0,-999.0,-999.0,-999.0,-999.0,-999.0,-999.0,-999.0,-999.0,-999.0,-999.0,-999.0,-999.0,-999.0,-999.0,-999.0,-999.0,-999.0,-999.0,-999.0,-999.0,-999.0,-999.0,-999.0,-999.0,-999.0,-999.0,-999.0,-999.0,-999.0,-999.0,-999.0,-999.0,-999.0,-999.0,-999.0,-999.0
130700002,114.904,40.769,-999.0,-999.000,-999.0,-999.0,-999.0,-999.0,-999.0,-999.0,-999.0,-999.0,-999.0,-999.0,-999.0,-999.0,-999.0,-999.0,-999.0,-999.0,-999.0,-999.0,-999.0,-999.0,-999.0,-999.0,-999.0,-999.0,-999.0,-999.0,-999.0,-999.0,-999.0,-999.0,-999.0,-999.0,-999.0,-999.0,-999.0,-999.0,-999.0,-999.0,-999.0,-999.0,-999.0
141000001,111.526,36.063,-999.0,-999.000,0.52800,0.71000,8.59300,6.56000,0.41500,0.36700,0.05000,4.64000,0.03900,3.06200,0.61200,-999.0,-999.0,-999.0,-999.0,-999.0,-999.0,-999.0,-999.0,-999.0,-999.0,-999.0,-999.0,-999.0,-999.0,-999.0,-999.0,-999.0,-999.0,-999.0,-999.0,-999.0,-999.0,-999.0,-999.0,-999.0,-999.0,-999.0,-999.0,-999.0,-999.0
1411200001,111.278,34.716,-999.0,-999.000,-999.0,-999.0,5.98400,4.96600,0.36200,0.06600,0.17600,3.65900,0.08500,3.73500,0.99000,-999.0,-999.0,0.00001,0.00018,-999.0,-999.0,-999.0,0.00010,-999.0,0.00001,-999.0,-999.0,-999.0,-999.0,0.00050,0.00012,0.00005,-999.0,0.00001,0.00076,0.00005,-999.0,0.00001,0.00061,-999.0,-999.0,0.00001,0.00001,-999.0,-999.0
130300002,119.584,39.955,-999.0,-999.000,0.18600,0.22700,5.52400,2.42800,0.41600,0.88900,0.13100,0.28900,0.05700,9.33700,1.79900,-999.0,-999.0,-999.0,-999.0,-999.0,-999.0,-999.0,-999.0,-999.0,-999.0,-999.0,-999.0,-999.0,-999.0,-999.0,-999.0,-999.0,-999.0,-999.0,-999.0,-999.0,-999.0,-999.0,-999.0,-999.0,-999.0,-999.0,-999.0,-999.0,-999.0
140500001,112.857,35.488,-999.0,-999.000,-999.0,0.31100,13.41700,10.66400,0.26600,0.41400,0.12900,9.59700,0.03400,3.42800,1.13500,-999.0,-999.0,-999.0,-999.0,-999.0,-999.0,-999.0,-999.0,-999.0,-999.0,-999.0,-999.0,-999.0,-999.0,-999.0,-999.0,-999.0,-999.0,-999.0,-999.0,-999.0,-999.0,-999.0,-999.0,-999.0,-999.0,-999.0,-999.0,-999.0,-999.0
140300001,113.589,37.848,-999.0,-999.000,0.07300,0.10300,1.80300,5.17800,0.36300,0.26000,0.10900,4.92500,0.03600,6.23100,0.60300,-999.0,-999.0,-999.0,-999.0,-999.0,-999.0,-999.0,-999.0,-999.0,-999.0,-999.0,-999.0,-999.0,-999.0,-999.0,-999.0,-999.0,-999.0,-999.0,-999.0,-999.0,-999.0,-999.0,-999.0,-999.0,-999.0,-999.0,-999.0,-999.0,-999.0
120000005,117.042,39.384,-999.0,-999.000,2.77600,0.14600,6.63800,1.67500,0.28900,0.47800,0.11200,0.26800,0.10800,6.00700,0.51900,-999.0,-999.0,-999.0,-999.0,-999.0,-999.0,-999.0,-999.0,-999.0,-999.0,-999.0,-999.0,-999.0,-999.0,-999.0,-999.0,-999.0,-999.0,-999.0,-999.0,-999.0,-999.0,-999.0,-999.0,-999.0,-999.0,-999.0,-999.0,-999.0,-999.0
320100001,118.762,32.066,-999.0,-999.000,-999.0,-999.0,-999.0,-999.0,-999.0,-999.0,-999.0,-999.0,-999.0,-999.0,-999.0,-999.0,-999.0,-999.0,-999.0,-999.0,-999.0,-999.0,-999.0,-999.0,-999.0,-999.0,-999.0,-999.0,-999.0,-999.0,-999.0,-999.0,-999.0,-999.0,-999.0,-999.0,-999.0,-999.0,-999.0,-999.0,-999.0,-999.0,-999.0,-999.0,-999.0
370100001,117.171,36.669,-999.0,-999.000,-999.0,-999.0,-999.0,-999.0,-999.0,-999.0,-999.0,-999.0,-999.0,-999.0,-999.0,-999.0,-999.0,-999.0,-999.0,-999.0,-999.0,-999.0,-999.0,-999.0,-999.0,-999.0,-999.0,-999.0,-999.0,-999.0,-999.0,-999.0,-999.0,-999.0,-999.0,-999.0,-999.0,-999.0,-999.0,-999.0,-999.0,-999.0,-999.0,-999.0,-999.0
110000016,116.732,40.203,-999.0,-999.000,0.07700,1.36860,1.29870,1.22150,0.25080,0.32450,0.14730,2.33710,0.03750,8.76126,2.97810,-999.0,-999.0,-999.0,-999.0,-999.0,-999.0,-999.0,-999.0,-999.0,-999.0,-999.0,-999.0,-999.0,-999.0,-999.0,-999.0,-999.0,-999.0,-999.0,-999.0,-999.0,-999.0,-999.0,-999.0,-999.0,-999.0,-999.0,-999.0,-999.0,-999.0
120000004,117.283,39.683,-999.0,-999.000,7.80700,0.19400,7.72900,1.44400,0.60800,0.44500,0.01400,0.13400,0.09500,8.23800,1.65800,-999.0,-999.0,-999.0,-999.0,-999.0,-999.0,-999.0,-999.0,-999.0,-999.0,-999.0,-999.0,-999.0,-999.0,-999.0,-999.0,-999.0,-999.0,-999.0,-999.0,-999.0,-999.0,-999.0,-999.0,-999.0,-999.0,-999.0,-999.0,-999.0,-999.0
370300001,117.983,36.835,-999.0,-999.000,-999.0,-999.0,-999.0,-999.0,-999.0,-999.0,-999.0,-999.0,-999.0,4.93600,0.58000,-999.0,-999.0,-999.0,-999.0,-999.0,-999.0,-999.0,-999.0,-999.0,-999.0,-999.0,-999.0,-999.0,-999.0,-999.0,-999.0,-999.0,-999.0,-999.0,-999.0,-999.0,-999.0,-999.0,-999.0,-999.0,-999.0,-999.0,-999.0,-999.0,-999.0
130600004,115.946,38.945,-999.0,-999.000,0.32400,0.77500,0.90900,1.59600,0.23800,1.83100,0.67700,5.33300,-999.0,20.76800,2.35000,-999.0,0.00706,0.00535,0.79717,-999.0,-999.0,-999.0,0.38176,0.06285,0.04126,-999.0,-999.0,-999.0,-999.0,0.57114,0.33449,0.00559,-999.0,-999.0,-999.0,-999.0,-999.0,-999.0,-999.0,-999.0,-999.0,-999.0,-999.0,0.00518,0.00375
140400001,113.110,36.199,-999.0,-999.000,0.17800,0.23500,1.38500,5.04600,0.96100,0.74800,0.21700,3.80500,0.03300,48.14700,22.76600,-999.0,-999.0,-999.0,-999.0,-999.0,-999.0,-999.0,-999.0,-999.0,-999.0,-999.0,-999.0,-999.0,-999.0,-999.0,-999.0,-999.0,-999.0,-999.0,-999.0,-999.0,-999.0,-999.0,-999.0,-999.0,-999.0,-999.0,-999.0,-999.0,-999.0
430100001,113.090,28.204,-999.0,-999.000,-999.0,-999.0,-999.0,-999.0,-999.0,-999.0,-999.0,-999.0,-999.0,-999.0,-999.0,-999.0,-999.0,-999.0,-999.0,-999.0,-999.0,-999.0,-999.0,-999.0,-999.0,-999.0,-999.0,-999.0,-999.0,-999.0,-999.0,-999.0,-999.0,-999.0,-999.0,-999.0,-999.0,-999.0,-999.0,-999.0,-999.0,-999.0,-999.0,-999.0,-999.0
131000005,116.702,39.545,-999.0,-999.000,0.22800,0.39100,5.14500,1.81600,0.42900,0.24200,0.10600,0.08100,0.05100,5.98100,0.71700,-999.0,-999.0,-999.0,-999.0,-999.0,-999.0,-999.0,-999.0,-999.0,-999.0,-999.0,-999.0,-999.0,-999.0,-999.0,-999.0,-999.0,-999.0,-999.0,-999.0,-999.0,-999.0,-999.0,-999.0,-999.0,-999.0,-999.0,-999.0,-999.0,-999.0
110000004,116.424,40.049,-999.0,-999.000,-999.0,-999.0,-999.0,-999.0,-999.0,-999.0,-999.0,-999.0,-999.0,-999.0,-999.0,-999.0,-999.0,-999.0,-999.0,-999.0,-999.0,-999.0,-999.0,-999.0,-999.0,-999.0,-999.0,-999.0,-999.0,-999.0,-999.0,-999.0,-999.0,-999.0,-999.0,-999.0,-999.0,-999.0,-999.0,-999.0,-999.0,-999.0,-999.0,-999.0,-999.0
130900003,116.839,38.304,-999.0,-999.000,-999.0,-999.0,-999.0,-999.0,-999.0,-999.0,-999.0,-999.0,-999.0,5.89600,3.53000,-999.0,-999.0,-999.0,-999.0,-999.0,-999.0,-999.0,-999.0,-999.0,-999.0,-999.0,-999.0,-999.0,-999.0,-999.0,-999.0,-999.0,-999.0,-999.0,-999.0,-999.0,-999.0,-999.0,-999.0,-999.0,-999.0,-999.0,-999.0,-999.0,-999.0
371400003,115.823,36.952,-999.0,-999.000,-999.0,-999.0,-999.0,-999.0,-999.0,-999.0,-999.0,-999.0,-999.0,6.00000,1.18000,-999.0,-999.0,-999.0,-999.0,-999.0,-999.0,-999.0,-999.0,-999.0,-999.0,-999.0,-999.0,-999.0,-999.0,-999.0,-999.0,-999.0,-999.0,-999.0,-999.0,-999.0,-999.0,-999.0,-999.0,-999.0,-999.0,-999.0,-999.0,-999.0,-999.0
130300001,119.622,39.912,-999.0,-999.000,-999.0,-999.0,-999.0,-999.0,-999.0,-999.0,-999.0,-999.0,-999.0,-999.0,-999.0,-999.0,-999.0,-999.0,-999.0,-999.0,-999.0,-999.0,-999.0,-999.0,-999.0,-999.0,-999.0,-999.0,-999.0,-999.0,-999.0,-999.0,-999.0,-999.0,-999.0,-999.0,-999.0,-999.0,-999.0,-999.0,-999.0,-999.0,-999.0,-999.0,-999.0
131000003,116.709,39.551,-999.0,-999.000,-999.0,-999.0,-999.0,-999.0,-999.0,-999.0,-999.0,-999.0,-999.0,-999.0,-999.0,-999.0,-999.0,-999.0,-999.0,-999.0,-999.0,-999.0,-999.0,-999.0,-999.0,-999.0,-999.0,-999.0,-999.0,-999.0,-999.0,-999.0,-999.0,-999.0,-999.0,-999.0,-999.0,-999.0,-999.0,-999.0,-999.0,-999.0,-999.0,-999.0,-999.0
1320200001,120.317,31.513,-999.0,-999.000,-999.0,-999.0,-999.0,-999.0,-999.0,-999.0,-999.0,-999.0,-999.0,0.90800,0.02000,-999.0,-999.0,-999.0,-999.0,-999.0,-999.0,-999.0,-999.0,-999.0,-999.0,-999.0,-999.0,-999.0,-999.0,-999.0,-999.0,-999.0,-999.0,-999.0,-999.0,-999.0,-999.0,-999.0,-999.0,-999.0,-999.0,-999.0,-999.0,-999.0,-999.0
110000010,116.266,39.499,-999.0,-999.000,0.03750,0.05110,0.53130,0.71940,0.13950,0.02450,0.02570,0.77970,0.03400,4.88363,0.76793,-999.0,-999.0,-999.0,-999.0,-999.0,-999.0,-999.0,-999.0,-999.0,-999.0,-999.0,-999.0,-999.0,-999.0,-999.0,-999.0,-999.0,-999.0,-999.0,-999.0,-999.0,-999.0,-999.0,-999.0,-999.0,-999.0,-999.0,-999.0,-999.0,-999.0
130200001,118.130,39.634,-999.0,-999.000,-999.0,-999.0,-999.0,-999.0,-999.0,-999.0,-999.0,-999.0,-999.0,-999.0,-999.0,-999.0,-999.0,-999.0,-999.0,-999.0,-999.0,-999.0,-999.0,-999.0,-999.0,-999.0,-999.0,-999.0,-999.0,-999.0,-999.0,-999.0,-999.0,-999.0,-999.0,-999.0,-999.0,-999.0,-999.0,-999.0,-999.0,-999.0,-999.0,-999.0,-999.0
110000002,116.342,39.727,-999.0,-999.000,-999.0,-999.0,-999.0,-999.0,-999.0,-999.0,-999.0,-999.0,-999.0,-999.0,-999.0,-999.0,-999.0,-999.0,-999.0,-999.0,-999.0,-999.0,-999.0,-999.0,-999.0,-999.0,-999.0,-999.0,-999.0,-999.0,-999.0,-999.0,-999.0,-999.0,-999.0,-999.0,-999.0,-999.0,-999.0,-999.0,-999.0,-999.0,-999.0,-999.0,-999.0
131100003,115.678,37.732,-999.0,-999.000,-999.0,-999.0,-999.0,-999.0,-999.0,-999.0,-999.0,-999.0,-999.0,4.83000,0.76900,-999.0,-999.0,-999.0,-999.0,-999.0,-999.0,-999.0,-999.0,-999.0,-999.0,-999.0,-999.0,-999.0,-999.0,-999.0,-999.0,-999.0,-999.0,-999.0,-999.0,-999.0,-999.0,-999.0,-999.0,-999.0,-999.0,-999.0,-999.0,-999.0,-999.0
110000008,116.684,39.542,-999.0,-999.000,-999.0,-999.0,-999.0,-999.0,-999.0,-999.0,-999.0,-999.0,-999.0,-999.0,-999.0,-999.0,-999.0,-999.0,-999.0,-999.0,-999.0,-999.0,-999.0,-999.0,-999.0,-999.0,-999.0,-999.0,-999.0,-999.0,-999.0,-999.0,-999.0,-999.0,-999.0,-999.0,-999.0,-999.0,-999.0,-999.0,-999.0,-999.0,-999.0,-999.0,-999.0
410500002,114.398,36.089,-999.0,-999.000,0.09200,1.26500,21.91300,17.10100,0.12800,0.99600,0.07800,33.30500,0.02800,8.87900,2.45700,-999.0,-999.0,-999.0,-999.0,-999.0,-999.0,-999.0,-999.0,-999.0,-999.0,-999.0,-999.0,-999.0,-999.0,-999.0,-999.0,-999.0,-999.0,-999.0,-999.0,-999.0,-999.0,-999.0,-999.0,-999.0,-999.0,-999.0,-999.0,-999.0,-999.0
130400002,114.497,36.571,-999.0,-999.000,0.41800,0.38200,10.26300,12.43100,0.22300,0.20300,0.01800,9.38200,0.04000,6.95400,3.05400,-999.0,-999.0,-999.0,-999.0,-999.0,-999.0,-999.0,-999.0,-999.0,-999.0,-999.0,-999.0,-999.0,-999.0,-999.0,-999.0,-999.0,-999.0,-999.0,-999.0,-999.0,-999.0,-999.0,-999.0,-999.0,-999.0,-999.0,-999.0,-999.0,-999.0
370800001,116.623,35.429,-999.0,-999.000,-999.0,-999.0,-999.0,-999.0,-999.0,-999.0,-999.0,-999.0,-999.0,8.42900,1.65200,-999.0,-999.0,-999.0,-999.0,-999.0,-999.0,-999.0,-999.0,-999.0,-999.0,-999.0,-999.0,-999.0,-999.0,-999.0,-999.0,-999.0,-999.0,-999.0,-999.0,-999.0,-999.0,-999.0,-999.0,-999.0,-999.0,-999.0,-999.0,-999.0,-999.0
110000009,116.771,39.628,-999.0,-999.000,-999.0,0.03710,0.41410,1.64400,0.12020,0.27490,0.44060,0.49000,0.01200,4.96275,0.79542,-999.0,-999.0,-999.0,-999.0,-999.0,-999.0,-999.0,-999.0,-999.0,-999.0,-999.0,-999.0,-999.0,-999.0,-999.0,-999.0,-999.0,-999.0,-999.0,-999.0,-999.0,-999.0,-999.0,-999.0,-999.0,-999.0,-999.0,-999.0,-999.0,-999.0
110000011,115.831,39.542,-999.0,-999.000,0.03710,0.04940,1.35470,1.44930,0.23280,0.05420,0.53900,0.80220,0.04660,6.09477,1.23697,-999.0,-999.0,-999.0,-999.0,-999.0,-999.0,-999.0,-999.0,-999.0,-999.0,-999.0,-999.0,-999.0,-999.0,-999.0,-999.0,-999.0,-999.0,-999.0,-999.0,-999.0,-999.0,-999.0,-999.0,-999.0,-999.0,-999.0,-999.0,-999.0,-999.0
120000001,117.159,39.099,-999.0,-999.000,-999.0,-999.0,-999.0,-999.0,-999.0,-999.0,-999.0,-999.0,-999.0,-999.0,-999.0,-999.0,-999.0,-999.0,-999.0,-999.0,-999.0,-999.0,-999.0,-999.0,-999.0,-999.0,-999.0,-999.0,-999.0,-999.0,-999.0,-999.0,-999.0,-999.0,-999.0,-999.0,-999.0,-999.0,-999.0,-999.0,-999.0,-999.0,-999.0,-999.0,-999.0
131000004,117.006,39.761,-999.0,-999.000,-999.0,-999.0,-999.0,-999.0,-999.0,-999.0,-999.0,-999.0,-999.0,-999.0,-999.0,-999.0,-999.0,-999.0,-999.0,-999.0,-999.0,-999.0,-999.0,-999.0,-999.0,-999.0,-999.0,-999.0,-999.0,-999.0,-999.0,-999.0,-999.0,-999.0,-999.0,-999.0,-999.0,-999.0,-999.0,-999.0,-999.0,-999.0,-999.0,-999.0,-999.0
410900001,115.032,35.763,-999.0,-999.000,-999.0,-999.0,-999.0,-999.0,-999.0,-999.0,-999.0,-999.0,-999.0,10.98100,1.28000,-999.0,-999.0,-999.0,-999.0,-999.0,-999.0,-999.0,-999.0,-999.0,-999.0,-999.0,-999.0,-999.0,-999.0,-999.0,-999.0,-999.0,-999.0,-999.0,-999.0,-999.0,-999.0,-999.0,-999.0,-999.0,-999.0,-999.0,-999.0,-999.0,-999.0
410700002,113.924,35.303,-999.0,-999.000,0.09000,0.88000,16.13100,11.38600,0.24700,0.50600,0.02800,6.71700,-999.0,9.86700,3.60500,-999.0,-999.0,-999.0,-999.0,-999.0,-999.0,-999.0,-999.0,-999.0,-999.0,-999.0,-999.0,-999.0,-999.0,-999.0,-999.0,-999.0,-999.0,-999.0,-999.0,-999.0,-999.0,-999.0,-999.0,-999.0,-999.0,-999.0,-999.0,-999.0,-999.0
130100005,114.480,38.094,-999.0,-999.000,0.48400,0.35900,1.66500,6.86300,-999.0,0.33700,0.04700,2.40800,0.21800,5.97600,2.44400,-999.0,0.00840,0.00518,0.32568,-999.0,0.05284,-999.0,0.40605,0.05793,0.04921,-999.0,-999.0,-999.0,0.05284,0.63179,0.39635,0.03702,-999.0,0.07458,-999.0,0.02369,-999.0,0.01163,0.23088,-999.0,0.02041,0.05641,-999.0,0.01158,0.00299
120000006,117.412,40.055,-999.0,-999.000,0.13500,0.11100,6.17000,1.07500,0.34200,0.34900,0.17400,0.04900,0.04000,5.16800,0.68400,-999.0,-999.0,-999.0,-999.0,-999.0,-999.0,-999.0,-999.0,-999.0,-999.0,-999.0,-999.0,-999.0,-999.0,-999.0,-999.0,-999.0,-999.0,-999.0,-999.0,-999.0,-999.0,-999.0,-999.0,-999.0,-999.0,-999.0,-999.0,-999.0,-999.0
410100002,113.606,34.748,-999.0,-999.000,-999.0,-999.0,-999.0,-999.0,-999.0,-999.0,-999.0,-999.0,-999.0,-999.0,-999.0,-999.0,-999.0,-999.0,-999.0,-999.0,-999.0,-999.0,-999.0,-999.0,-999.0,-999.0,-999.0,-999.0,-999.0,-999.0,-999.0,-999.0,-999.0,-999.0,-999.0,-999.0,-999.0,-999.0,-999.0,-999.0,-999.0,-999.0,-999.0,-999.0,-999.0
130700003,114.895,40.834,-999.0,-999.000,0.16300,0.42000,5.84000,1.68500,0.37200,0.54300,0.06300,0.01700,0.16200,3.87600,0.67000,-999.0,-999.0,-999.0,-999.0,-999.0,-999.0,-999.0,-999.0,-999.0,-999.0,-999.0,-999.0,-999.0,-999.0,-999.0,-999.0,-999.0,-999.0,-999.0,-999.0,-999.0,-999.0,-999.0,-999.0,-999.0,-999.0,-999.0,-999.0,-999.0,-999.0
130500002,114.532,37.086,-999.0,-999.000,0.44500,0.33900,2.08900,5.13100,0.15600,0.59900,0.01500,2.00200,0.01000,13.15600,-999.0,-999.0,-999.0,-999.0,-999.0,-999.0,-999.0,-999.0,-999.0,-999.0,-999.0,-999.0,-999.0,-999.0,-999.0,-999.0,-999.0,-999.0,-999.0,-999.0,-999.0,-999.0,-999.0,-999.0,-999.0,-999.0,-999.0,-999.0,-999.0,-999.0,-999.0
410800001,113.279,35.206,-999.0,-999.000,0.01500,1.71300,54.57800,12.29400,0.39600,0.89900,0.62400,18.66400,0.06400,7.57400,4.63500,-999.0,-999.0,-999.0,-999.0,-999.0,-999.0,-999.0,-999.0,-999.0,-999.0,-999.0,-999.0,-999.0,-999.0,-999.0,-999.0,-999.0,-999.0,-999.0,-999.0,-999.0,-999.0,-999.0,-999.0,-999.0,-999.0,-999.0,-999.0,-999.0,-999.0
130200002,118.193,39.623,-999.0,-999.000,0.90400,0.42700,9.10800,1.71300,0.35100,0.67400,0.04900,0.31800,0.08700,8.46900,1.21800,-999.0,-999.0,-999.0,-999.0,-999.0,-999.0,-999.0,-999.0,-999.0,-999.0,-999.0,-999.0,-999.0,-999.0,-999.0,-999.0,-999.0,-999.0,-999.0,-999.0,-999.0,-999.0,-999.0,-999.0,-999.0,-999.0,-999.0,-999.0,-999.0,-999.0
410500001,114.399,36.089,-999.0,-999.000,-999.0,-999.0,-999.0,-999.0,-999.0,-999.0,-999.0,-999.0,-999.0,-999.0,-999.0,-999.0,-999.0,-999.0,-999.0,-999.0,-999.0,-999.0,-999.0,-999.0,-999.0,-999.0,-999.0,-999.0,-999.0,-999.0,-999.0,-999.0,-999.0,-999.0,-999.0,-999.0,-999.0,-999.0,-999.0,-999.0,-999.0,-999.0,-999.0,-999.0,-999.0
140800001,110.968,35.031,-999.0,-999.000,0.11000,0.21700,10.43900,3.94500,0.34000,0.36500,0.20500,4.00000,0.12900,5.83100,0.83500,-999.0,-999.0,-999.0,-999.0,-999.0,-999.0,-999.0,-999.0,-999.0,-999.0,-999.0,-999.0,-999.0,-999.0,-999.0,-999.0,-999.0,-999.0,-999.0,-999.0,-999.0,-999.0,-999.0,-999.0,-999.0,-999.0,-999.0,-999.0,-999.0,-999.0
371700001,115.522,35.213,-999.0,-999.000,-999.0,-999.0,-999.0,-999.0,-999.0,-999.0,-999.0,-999.0,-999.0,5.65700,0.89900,-999.0,-999.0,-999.0,-999.0,-999.0,-999.0,-999.0,-999.0,-999.0,-999.0,-999.0,-999.0,-999.0,-999.0,-999.0,-999.0,-999.0,-999.0,-999.0,-999.0,-999.0,-999.0,-999.0,-999.0,-999.0,-999.0,-999.0,-999.0,-999.0,-999.0
410100003,113.733,34.772,-999.0,-999.000,-999.0,-999.0,-999.0,-999.0,-999.0,-999.0,-999.0,-999.0,-999.0,4.59300,0.64900,0.00076,-999.0,0.00118,0.18322,0.00458,-999.0,0.00219,0.20720,0.00843,-999.0,0.00186,-999.0,-999.0,0.05789,0.25560,0.34268,0.02095,-999.0,0.08620,-999.0,0.01286,-999.0,-999.0,0.11861,-999.0,-999.0,0.05009,-999.0,0.02490,0.00134
371400002,116.362,37.444,-999.0,-999.000,-999.0,-999.0,-999.0,-999.0,-999.0,-999.0,-999.0,-999.0,-999.0,-999.0,-999.0,-999.0,-999.0,-999.0,-999.0,-999.0,-999.0,-999.0,-999.0,-999.0,-999.0,-999.0,-999.0,-999.0,-999.0,-999.0,-999.0,-999.0,-999.0,-999.0,-999.0,-999.0,-999.0,-999.0,-999.0,-999.0,-999.0,-999.0,-999.0,-999.0,-999.0
1320500001,120.630,31.286,-999.0,-999.000,-999.0,0.12100,1.19000,4.39000,0.16100,0.28000,0.20700,3.08600,-999.0,4.10900,1.40200,0.00160,-999.0,0.00512,-999.0,0.00189,-999.0,0.00376,0.09908,-999.0,0.01753,-999.0,12.11100,0.00037,-999.0,0.00361,0.28889,0.01035,-999.0,0.00856,-999.0,0.00313,-999.0,-999.0,0.07347,-999.0,-999.0,0.02140,0.00724,-999.0,-999.0
110000003,116.322,39.105,-999.0,-999.000,-999.0,-999.0,-999.0,-999.0,-999.0,-999.0,-999.0,-999.0,-999.0,-999.0,-999.0,-999.0,-999.0,-999.0,-999.0,-999.0,-999.0,-999.0,-999.0,-999.0,-999.0,-999.0,-999.0,-999.0,-999.0,-999.0,-999.0,-999.0,-999.0,-999.0,-999.0,-999.0,-999.0,-999.0,-999.0,-999.0,-999.0,-999.0,-999.0,-999.0,-999.0
350100002,119.290,26.110,-999.0,-999.000,-999.0,-999.0,-999.0,-999.0,-999.0,-999.0,-999.0,-999.0,-999.0,-999.0,-999.0,-999.0,-999.0,-999.0,-999.0,-999.0,-999.0,-999.0,-999.0,-999.0,-999.0,-999.0,-999.0,-999.0,-999.0,-999.0,-999.0,-999.0,-999.0,-999.0,-999.0,-999.0,-999.0,-999.0,-999.0,-999.0,-999.0,-999.0,-999.0,-999.0,-999.0
131100002,115.684,37.733,-999.0,-999.000,-999.0,-999.0,-999.0,-999.0,-999.0,-999.0,-999.0,-999.0,-999.0,-999.0,-999.0,-999.0,-999.0,-999.0,-999.0,-999.0,-999.0,-999.0,-999.0,-999.0,-999.0,-999.0,-999.0,-999.0,-999.0,-999.0,-999.0,-999.0,-999.0,-999.0,-999.0,-999.0,-999.0,-999.0,-999.0,-999.0,-999.0,-999.0,-999.0,-999.0,-999.0
130600002,115.481,38.836,-999.0,-999.000,-999.0,-999.0,-999.0,-999.0,-999.0,-999.0,-999.0,-999.0,-999.0,-999.0,-999.0,-999.0,-999.0,-999.0,-999.0,-999.0,-999.0,-999.0,-999.0,-999.0,-999.0,-999.0,-999.0,-999.0,-999.0,-999.0,-999.0,-999.0,-999.0,-999.0,-999.0,-999.0,-999.0,-999.0,-999.0,-999.0,-999.0,-999.0,-999.0,-999.0,-999.0
1320600001,120.948,31.991,-999.0,-999.000,-999.0,0.03200,2.17200,5.99100,0.17900,-999.0,0.34400,2.68500,0.05400,1.99500,0.50200,-999.0,-999.0,-999.0,-999.0,-999.0,-999.0,-999.0,-999.0,-999.0,-999.0,-999.0,-999.0,-999.0,-999.0,-999.0,-999.0,-999.0,-999.0,-999.0,-999.0,-999.0,-999.0,-999.0,-999.0,-999.0,-999.0,-999.0,-999.0,-999.0,-999.0
410600001,114.291,35.722,-999.0,-999.000,1.32700,0.72000,13.30600,11.86900,0.33300,0.48800,0.49600,10.93500,0.02100,5.08200,1.46100,-999.0,-999.0,-999.0,-999.0,-999.0,-999.0,-999.0,-999.0,-999.0,-999.0,-999.0,-999.0,-999.0,-999.0,-999.0,-999.0,-999.0,-999.0,-999.0,-999.0,-999.0,-999.0,-999.0,-999.0,-999.0,-999.0,-999.0,-999.0,-999.0,-999.0
370100002,117.062,36.658,-999.0,-999.000,-999.0,-999.0,-999.0,-999.0,-999.0,-999.0,-999.0,-999.0,-999.0,8.52300,1.07100,0.00285,0.00485,0.00298,0.60383,0.00286,0.35711,-999.0,0.27155,0.02174,0.00803,0.00197,0.03254,0.00160,0.03111,0.19164,0.38006,0.01242,-999.0,0.02580,-999.0,0.00613,0.00667,0.09873,0.07967,0.17726,0.13969,0.03706,0.05675,0.00078,0.00125
130100004,114.536,38.025,-999.0,-999.000,-999.0,-999.0,-999.0,-999.0,-999.0,-999.0,-999.0,-999.0,-999.0,-999.0,-999.0,-999.0,-999.0,-999.0,-999.0,-999.0,-999.0,-999.0,-999.0,-999.0,-999.0,-999.0,-999.0,-999.0,-999.0,-999.0,-999.0,-999.0,-999.0,-999.0,-999.0,-999.0,-999.0,-999.0,-999.0,-999.0,-999.0,-999.0,-999.0,-999.0,-999.0
1340100001,117.196,31.785,-999.0,-999.000,-999.0,-999.0,-999.0,8.12600,-999.0,0.43600,-999.0,3.39900,-999.0,-999.0,-999.0,-999.0,0.02554,-999.0,-999.0,0.01290,-999.0,0.00469,0.51164,0.00190,0.04449,0.00224,-999.0,0.02079,0.00210,0.35054,0.77835,0.21688,-999.0,0.03948,-999.0,0.01035,-999.0,-999.0,0.40629,-999.0,-999.0,0.04863,-999.0,0.00817,0.00650
371600001,118.006,37.380,-999.0,-999.000,-999.0,-999.0,-999.0,-999.0,-999.0,-999.0,-999.0,-999.0,-999.0,3.63400,0.97100,-999.0,-999.0,-999.0,-999.0,-999.0,-999.0,-999.0,-999.0,-999.0,-999.0,-999.0,-999.0,-999.0,-999.0,-999.0,-999.0,-999.0,-999.0,-999.0,-999.0,-999.0,-999.0,-999.0,-999.0,-999.0,-999.0,-999.0,-999.0,-999.0,-999.0
110000001,116.415,40.041,-999.0,-999.000,-999.0,-999.0,-999.0,-999.0,-999.0,-999.0,-999.0,-999.0,-999.0,-999.0,-999.0,-999.0,-999.0,-999.0,-999.0,-999.0,-999.0,-999.0,-999.0,-999.0,-999.0,-999.0,-999.0,-999.0,-999.0,-999.0,-999.0,-999.0,-999.0,-999.0,-999.0,-999.0,-999.0,-999.0,-999.0,-999.0,-999.0,-999.0,-999.0,-999.0,-999.0
110000012,116.426,40.048,25.48000,-999.000,0.08100,0.08000,0.32900,1.17900,0.04500,0.60600,0.04100,0.47200,-999.0,5.72600,0.63100,0.00056,0.01064,-999.0,0.24699,0.00491,-999.0,-999.0,0.20186,0.01017,0.02674,0.00255,-999.0,0.00314,0.01200,0.09198,0.41506,0.00954,-999.0,0.02419,-999.0,0.00617,0.00138,-999.0,0.03768,-999.0,-999.0,0.02778,-999.0,0.00882,0.01274
1306000001,116.034,39.492,-999.0,-999.000,-999.0,-999.0,-999.0,-999.0,-999.0,-999.0,-999.0,-999.0,-999.0,-999.0,-999.0,-999.0,-999.0,-999.0,-999.0,-999.0,-999.0,-999.0,-999.0,-999.0,-999.0,-999.0,-999.0,-999.0,-999.0,-999.0,-999.0,-999.0,-999.0,-999.0,-999.0,-999.0,-999.0,-999.0,-999.0,-999.0,-999.0,-999.0,-999.0,-999.0,-999.0
1307000001,114.898,40.837,-999.0,-999.000,-999.0,-999.0,-999.0,-999.0,-999.0,-999.0,-999.0,-999.0,-999.0,-999.0,-999.0,-999.0,-999.0,-999.0,-999.0,-999.0,-999.0,-999.0,-999.0,-999.0,-999.0,-999.0,-999.0,-999.0,-999.0,-999.0,-999.0,-999.0,-999.0,-999.0,-999.0,-999.0,-999.0,-999.0,-999.0,-999.0,-999.0,-999.0,-999.0,-999.0,-999.0
1311000001,115.694,37.808,-999.0,-999.000,-999.0,-999.0,-999.0,-999.0,-999.0,-999.0,-999.0,-999.0,-999.0,-999.0,-999.0,-999.0,-999.0,-999.0,-999.0,-999.0,-999.0,-999.0,-999.0,-999.0,-999.0,-999.0,-999.0,-999.0,-999.0,-999.0,-999.0,-999.0,-999.0,-999.0,-999.0,-999.0,-999.0,-999.0,-999.0,-999.0,-999.0,-999.0,-999.0,-999.0,-999.0
3701000001,117.610,36.720,-999.0,-999.000,-999.0,-999.0,-999.0,-999.0,-999.0,-999.0,-999.0,-999.0,-999.0,-999.0,-999.0,-999.0,-999.0,-999.0,-999.0,-999.0,-999.0,-999.0,-999.0,-999.0,-999.0,-999.0,-999.0,-999.0,-999.0,-999.0,-999.0,-999.0,-999.0,-999.0,-999.0,-999.0,-999.0,-999.0,-999.0,-999.0,-999.0,-999.0,-999.0,-999.0,-999.0
1200000004,117.850,39.494,-999.0,-999.000,-999.0,-999.0,-999.0,-999.0,-999.0,-999.0,-999.0,-999.0,-999.0,-999.0,-999.0,-999.0,-999.0,-999.0,-999.0,-999.0,-999.0,-999.0,-999.0,-999.0,-999.0,-999.0,-999.0,-999.0,-999.0,-999.0,-999.0,-999.0,-999.0,-999.0,-999.0,-999.0,-999.0,-999.0,-999.0,-999.0,-999.0,-999.0,-999.0,-999.0,-999.0
120000003,117.223,39.173,-999.0,-999.000,-999.0,0.39400,5.56900,1.48700,0.50200,0.52100,0.01700,0.05500,0.07000,9.39600,1.70100,-999.0,-999.0,-999.0,0.22662,0.00024,-999.0,-999.0,0.37469,0.01910,0.01828,-999.0,-999.0,-999.0,-999.0,0.14453,0.69597,0.00794,-999.0,0.01800,0.18906,0.00306,-999.0,-999.0,0.05099,0.00090,0.02100,0.01254,-999.0,-999.0,-999.0
140100001,112.547,37.874,-999.0,-999.000,-999.0,-999.0,-999.0,-999.0,-999.0,-999.0,-999.0,-999.0,-999.0,-999.0,-999.0,-999.0,-999.0,-999.0,-999.0,-999.0,-999.0,-999.0,-999.0,-999.0,-999.0,-999.0,-999.0,-999.0,-999.0,-999.0,-999.0,-999.0,-999.0,-999.0,-999.0,-999.0,-999.0,-999.0,-999.0,-999.0,-999.0,-999.0,-999.0,-999.0,-999.0
