stationcode,longitude,latitude,PM10,PM25,F-,Cl-,NO3-,SO42-,Ca2+,Na+,K+,NH4+,Mg2+,OC,EC,Hg,Br,As,Si,Te,V,Ca,Ti,Ba,Sc,Pd,Co,Mo,K,Fe,Pb,TI,Cu,Al,Cs,Ag,Zn,Sb,Mn,Cd,Ni,Ga,Se,Cr,Sn
110000006,116.041,39.597,-999.0,-999.0,-999.0,-999.0,-999.0,-999.0,-999.0,-999.0,-999.0,-999.0,-999.0,-999.0,-999.0,-999.0,-999.0,-999.0,-999.0,-999.000,-999.000,-999.0,-999.0,-999.0,-999.0,-999.000,-999.0,-999.0,-999.0,-999.0,-999.0,-999.0,-999.0,-999.000,-999.0,-999.000,-999.0,-999.000,-999.0,-999.000,-999.0,-999.0,-999.000,-999.000,-999.000
371500001,115.974,36.493,-999.0,-999.0,-999.0,-999.0,-999.0,-999.0,-999.0,-999.0,-999.0,-999.0,-999.0,16.72825,7.55312,-999.0,-999.0,-999.0,-999.0,-999.000,-999.000,-999.0,-999.0,-999.0,-999.0,-999.000,-999.0,-999.0,-999.0,-999.0,-999.0,-999.0,-999.0,-999.000,-999.0,-999.000,-999.0,-999.000,-999.0,-999.000,-999.0,-999.0,-999.000,-999.000,-999.000
150100001,111.752,40.841,-999.0,-999.0,-999.0,-999.0,-999.0,-999.0,-999.0,-999.0,-999.0,-999.0,-999.0,-999.0,-999.0,-999.0,-999.0,-999.0,-999.0,-999.000,-999.000,-999.0,-999.0,-999.0,-999.0,-999.000,-999.0,-999.0,-999.0,-999.0,-999.0,-999.0,-999.0,-999.000,-999.0,-999.000,-999.0,-999.000,-999.0,-999.000,-999.0,-999.0,-999.000,-999.000,-999.000
1320100001,118.754,32.055,-999.0,-999.0,-999.0,-999.0,-999.0,-999.0,-999.0,-999.0,-999.0,-999.0,-999.0,-999.0,-999.0,-999.0,-999.0,-999.0,-999.0,-999.000,-999.000,-999.0,-999.0,-999.0,-999.0,-999.000,-999.0,-999.0,-999.0,-999.0,-999.0,-999.0,-999.0,-999.000,-999.0,-999.000,-999.0,-999.000,-999.0,-999.000,-999.0,-999.0,-999.000,-999.000,-999.000
410200001,114.331,34.761,-999.0,-999.0,-999.0,-999.0,-999.0,-999.0,-999.0,-999.0,-999.0,-999.0,-999.0,-999.0,-999.0,-999.0,-999.0,-999.0,-999.0,-999.000,-999.000,-999.0,-999.0,-999.0,-999.0,-999.000,-999.0,-999.0,-999.0,-999.0,-999.0,-999.0,-999.0,-999.000,-999.0,-999.000,-999.0,-999.000,-999.0,-999.000,-999.0,-999.0,-999.000,-999.000,-999.000
140100002,112.482,37.719,-999.0,-999.0,-999.0,-999.0,-999.0,-999.0,-999.0,-999.0,-999.0,-999.0,-999.0,-999.0,-999.0,-999.0,0.00987,0.00882,0.77029,-999.000,-999.000,0.51559,-999.0,-999.0,-999.0,-999.000,-999.0,-999.0,0.48863,0.50804,0.03554,0.00023,-999.0,-999.000,-999.0,-999.000,-999.0,-999.000,0.06513,-999.000,-999.0,0.00020,-999.000,-999.000,-999.000
340100001,117.117,31.470,-999.0,-999.0,-999.0,-999.0,-999.0,-999.0,-999.0,-999.0,-999.0,-999.0,-999.0,-999.0,-999.0,-999.0,-999.0,-999.0,-999.0,-999.000,-999.000,-999.0,-999.0,-999.0,-999.0,-999.000,-999.0,-999.0,-999.0,-999.0,-999.0,-999.0,-999.0,-999.000,-999.0,-999.000,-999.0,-999.000,-999.0,-999.000,-999.0,-999.0,-999.000,-999.000,-999.000
410300001,112.419,34.613,-999.0,-999.0,0.29000,6.52600,70.90600,22.66100,1.51200,2.19400,1.93400,27.86700,0.22700,20.03000,7.85700,-999.0,-999.0,-999.0,-999.0,-999.000,-999.000,-999.0,-999.0,-999.0,-999.0,-999.000,-999.0,-999.0,-999.0,-999.0,-999.0,-999.0,-999.0,-999.000,-999.0,-999.000,-999.0,-999.000,-999.0,-999.000,-999.0,-999.0,-999.000,-999.000,-999.000
610100002,108.935,34.347,-999.0,-999.0,0.79100,5.02400,13.72100,5.28700,0.89900,0.70800,0.06700,6.35200,0.10100,14.28400,4.88200,-999.0,-999.0,-999.0,-999.0,-999.000,-999.000,-999.0,-999.0,-999.0,-999.0,-999.000,-999.0,-999.0,-999.0,-999.0,-999.0,-999.0,-999.0,-999.000,-999.0,-999.000,-999.0,-999.000,-999.0,-999.000,-999.0,-999.0,-999.000,-999.000,-999.000
1320300001,117.256,34.215,-999.0,-999.0,-999.0,-999.0,-999.0,-999.0,-999.0,-999.0,-999.0,-999.0,-999.0,-999.0,-999.0,-999.0,-999.0,-999.0,-999.0,-999.000,-999.000,-999.0,-999.0,-999.0,-999.0,-999.000,-999.0,-999.0,-999.0,-999.0,-999.0,-999.0,-999.0,-999.000,-999.0,-999.000,-999.0,-999.000,-999.0,-999.000,-999.0,-999.0,-999.000,-999.000,-999.000
130600003,115.482,38.926,-999.0,-999.0,-999.0,-999.0,-999.0,-999.0,-999.0,-999.0,-999.0,-999.0,-999.0,-999.0,-999.0,-999.0,-999.0,-999.0,-999.0,-999.000,-999.000,-999.0,-999.0,-999.0,-999.0,-999.000,-999.0,-999.0,-999.0,-999.0,-999.0,-999.0,-999.0,-999.000,-999.0,-999.000,-999.0,-999.000,-999.0,-999.000,-999.0,-999.0,-999.000,-999.000,-999.000
130500001,114.482,37.066,-999.0,-999.0,-999.0,-999.0,-999.0,-999.0,-999.0,-999.0,-999.0,-999.0,-999.0,-999.0,-999.0,-999.0,-999.0,-999.0,-999.0,-999.000,-999.000,-999.0,-999.0,-999.0,-999.0,-999.000,-999.0,-999.0,-999.0,-999.0,-999.0,-999.0,-999.0,-999.000,-999.0,-999.000,-999.0,-999.000,-999.0,-999.000,-999.0,-999.0,-999.000,-999.000,-999.000
110000005,116.326,39.521,-999.0,-999.0,-999.0,-999.0,-999.0,-999.0,-999.0,-999.0,-999.0,-999.0,-999.0,-999.0,-999.0,-999.0,-999.0,-999.0,-999.0,-999.000,-999.000,-999.0,-999.0,-999.0,-999.0,-999.000,-999.0,-999.0,-999.0,-999.0,-999.0,-999.0,-999.0,-999.000,-999.0,-999.000,-999.0,-999.000,-999.0,-999.000,-999.0,-999.0,-999.000,-999.000,-999.000
1640100001,106.225,38.489,-999.0,-999.0,-999.0,-999.0,-999.0,-999.0,-999.0,-999.0,-999.0,-999.0,-999.0,-999.0,-999.0,-999.0,-999.0,-999.0,-999.0,-999.000,-999.000,-999.0,-999.0,-999.0,-999.0,-999.000,-999.0,-999.0,-999.0,-999.0,-999.0,-999.0,-999.0,-999.000,-999.0,-999.000,-999.0,-999.000,-999.0,-999.000,-999.0,-999.0,-999.000,-999.000,-999.000
130700002,114.904,40.769,-999.0,-999.0,-999.0,-999.0,-999.0,-999.0,-999.0,-999.0,-999.0,-999.0,-999.0,-999.0,-999.0,-999.0,-999.0,-999.0,-999.0,-999.000,-999.000,-999.0,-999.0,-999.0,-999.0,-999.000,-999.0,-999.0,-999.0,-999.0,-999.0,-999.0,-999.0,-999.000,-999.0,-999.000,-999.0,-999.000,-999.0,-999.000,-999.0,-999.0,-999.000,-999.000,-999.000
141000001,111.526,36.063,-999.0,-999.0,0.03300,15.77100,24.32400,18.73800,2.78100,2.84200,3.59400,22.89700,0.37100,41.90600,19.65600,-999.0,-999.0,-999.0,-999.0,-999.000,-999.000,-999.0,-999.0,-999.0,-999.0,-999.000,-999.0,-999.0,-999.0,-999.0,-999.0,-999.0,-999.0,-999.000,-999.0,-999.000,-999.0,-999.000,-999.0,-999.000,-999.0,-999.0,-999.000,-999.000,-999.000
1411200001,111.278,34.716,-999.0,-999.0,-999.0,-999.0,-999.0,-999.0,-999.0,-999.0,-999.0,-999.0,-999.0,-999.0,-999.0,-999.0,-999.0,-999.0,-999.0,-999.000,-999.000,-999.0,-999.0,-999.0,-999.0,-999.000,-999.0,-999.0,-999.0,-999.0,-999.0,-999.0,-999.0,-999.000,-999.0,-999.000,-999.0,-999.000,-999.0,-999.000,-999.0,-999.0,-999.000,-999.000,-999.000
130300002,119.584,39.955,-999.0,-999.0,-999.0,-999.0,-999.0,-999.0,-999.0,-999.0,-999.0,-999.0,-999.0,-999.0,-999.0,-999.0,-999.0,-999.0,-999.0,-999.000,-999.000,-999.0,-999.0,-999.0,-999.0,-999.000,-999.0,-999.0,-999.0,-999.0,-999.0,-999.0,-999.0,-999.000,-999.0,-999.000,-999.0,-999.000,-999.0,-999.000,-999.0,-999.0,-999.000,-999.000,-999.000
140500001,112.857,35.488,-999.0,-999.0,-999.0,-999.0,-999.0,-999.0,-999.0,-999.0,-999.0,-999.0,-999.0,-999.0,-999.0,-999.0,-999.0,-999.0,-999.0,-999.000,-999.000,-999.0,-999.0,-999.0,-999.0,-999.000,-999.0,-999.0,-999.0,-999.0,-999.0,-999.0,-999.0,-999.000,-999.0,-999.000,-999.0,-999.000,-999.0,-999.000,-999.0,-999.0,-999.000,-999.000,-999.000
140300001,113.589,37.848,-999.0,-999.0,-999.0,-999.0,-999.0,-999.0,-999.0,-999.0,-999.0,-999.0,-999.0,-999.0,-999.0,-999.0,-999.0,-999.0,-999.0,-999.000,-999.000,-999.0,-999.0,-999.0,-999.0,-999.000,-999.0,-999.0,-999.0,-999.0,-999.0,-999.0,-999.0,-999.000,-999.0,-999.000,-999.0,-999.000,-999.0,-999.000,-999.0,-999.0,-999.000,-999.000,-999.000
120000005,117.042,39.384,-999.0,-999.0,-999.0,-999.0,-999.0,-999.0,-999.0,-999.0,-999.0,-999.0,-999.0,-999.0,-999.0,-999.0,-999.0,-999.0,-999.0,-999.000,-999.000,-999.0,-999.0,-999.0,-999.0,-999.000,-999.0,-999.0,-999.0,-999.0,-999.0,-999.0,-999.0,-999.000,-999.0,-999.000,-999.0,-999.000,-999.0,-999.000,-999.0,-999.0,-999.000,-999.000,-999.000
320100001,118.762,32.066,-999.0,-999.0,-999.0,-999.0,-999.0,-999.0,-999.0,-999.0,-999.0,-999.0,-999.0,-999.0,-999.0,-999.0,-999.0,-999.0,-999.0,-999.000,-999.000,-999.0,-999.0,-999.0,-999.0,-999.000,-999.0,-999.0,-999.0,-999.0,-999.0,-999.0,-999.0,-999.000,-999.0,-999.000,-999.0,-999.000,-999.0,-999.000,-999.0,-999.0,-999.000,-999.000,-999.000
370100001,117.171,36.669,-999.0,-999.0,-999.0,-999.0,-999.0,-999.0,-999.0,-999.0,-999.0,-999.0,-999.0,-999.0,-999.0,-999.0,-999.0,-999.0,-999.0,-999.000,-999.000,-999.0,-999.0,-999.0,-999.0,-999.000,-999.0,-999.0,-999.0,-999.0,-999.0,-999.0,-999.0,-999.000,-999.0,-999.000,-999.0,-999.000,-999.0,-999.000,-999.0,-999.0,-999.000,-999.000,-999.000
110000016,116.732,40.203,-999.0,-999.0,-999.0,-999.0,-999.0,-999.0,-999.0,-999.0,-999.0,-999.0,-999.0,-999.0,-999.0,-999.0,-999.0,-999.0,-999.0,-999.000,-999.000,-999.0,-999.0,-999.0,-999.0,-999.000,-999.0,-999.0,-999.0,-999.0,-999.0,-999.0,-999.0,-999.000,-999.0,-999.000,-999.0,-999.000,-999.0,-999.000,-999.0,-999.0,-999.000,-999.000,-999.000
120000004,117.283,39.683,-999.0,-999.0,-999.0,-999.0,-999.0,-999.0,-999.0,-999.0,-999.0,-999.0,-999.0,-999.0,-999.0,-999.0,-999.0,-999.0,-999.0,-999.000,-999.000,-999.0,-999.0,-999.0,-999.0,-999.000,-999.0,-999.0,-999.0,-999.0,-999.0,-999.0,-999.0,-999.000,-999.0,-999.000,-999.0,-999.000,-999.0,-999.000,-999.0,-999.0,-999.000,-999.000,-999.000
370300001,117.983,36.835,-999.0,-999.0,-999.0,-999.0,-999.0,-999.0,-999.0,-999.0,-999.0,-999.0,-999.0,12.61850,2.12871,-999.0,-999.0,-999.0,-999.0,-999.000,-999.000,-999.0,-999.0,-999.0,-999.0,-999.000,-999.0,-999.0,-999.0,-999.0,-999.0,-999.0,-999.0,-999.000,-999.0,-999.000,-999.0,-999.000,-999.0,-999.000,-999.0,-999.0,-999.000,-999.000,-999.000
130600004,115.946,38.945,-999.0,-999.0,-999.0,-999.0,-999.0,-999.0,-999.0,-999.0,-999.0,-999.0,-999.0,-999.0,-999.0,-999.0,-999.0,-999.0,-999.0,-999.000,-999.000,0.60087,-999.0,-999.0,-999.0,-999.000,-999.0,-999.0,-999.0,-999.0,-999.0,-999.0,-999.0,-999.000,0.00697,-999.000,-999.0,-999.000,-999.0,-999.000,-999.0,-999.0,-999.000,-999.000,-999.000
140400001,113.110,36.199,-999.0,-999.0,-999.0,-999.0,-999.0,-999.0,-999.0,-999.0,-999.0,-999.0,-999.0,-999.0,-999.0,-999.0,-999.0,-999.0,-999.0,-999.000,-999.000,-999.0,-999.0,-999.0,-999.0,-999.000,-999.0,-999.0,-999.0,-999.0,-999.0,-999.0,-999.0,-999.000,-999.0,-999.000,-999.0,-999.000,-999.0,-999.000,-999.0,-999.0,-999.000,-999.000,-999.000
430100001,113.090,28.204,-999.0,-999.0,-999.0,-999.0,-999.0,-999.0,-999.0,-999.0,-999.0,-999.0,-999.0,-999.0,-999.0,-999.0,-999.0,-999.0,-999.0,-999.000,-999.000,-999.0,-999.0,-999.0,-999.0,-999.000,-999.0,-999.0,-999.0,-999.0,-999.0,-999.0,-999.0,-999.000,-999.0,-999.000,-999.0,-999.000,-999.0,-999.000,-999.0,-999.0,-999.000,-999.000,-999.000
131000005,116.702,39.545,-999.0,-999.0,0.34900,-999.0,-999.0,-999.0,-999.0,-999.0,-999.0,-999.0,-999.0,-999.0,1.63300,-999.0,-999.0,-999.0,-999.0,-999.000,-999.000,-999.0,-999.0,-999.0,-999.0,-999.000,-999.0,-999.0,-999.0,-999.0,-999.0,-999.0,-999.0,-999.000,-999.0,-999.000,-999.0,-999.000,-999.0,-999.000,-999.0,-999.0,-999.000,-999.000,-999.000
110000004,116.424,40.049,-999.0,-999.0,-999.0,-999.0,-999.0,-999.0,-999.0,-999.0,-999.0,-999.0,-999.0,-999.0,-999.0,-999.0,-999.0,-999.0,-999.0,-999.000,-999.000,-999.0,-999.0,-999.0,-999.0,-999.000,-999.0,-999.0,-999.0,-999.0,-999.0,-999.0,-999.0,-999.000,-999.0,-999.000,-999.0,-999.000,-999.0,-999.000,-999.0,-999.0,-999.000,-999.000,-999.000
130900003,116.839,38.304,-999.0,-999.0,-999.0,-999.0,-999.0,-999.0,-999.0,-999.0,-999.0,-999.0,-999.0,-999.0,-999.0,-999.0,-999.0,-999.0,-999.0,-999.000,-999.000,-999.0,-999.0,-999.0,-999.0,-999.000,-999.0,-999.0,-999.0,-999.0,-999.0,-999.0,-999.0,-999.000,-999.0,-999.000,-999.0,-999.000,-999.0,-999.000,-999.0,-999.0,-999.000,-999.000,-999.000
371400003,115.823,36.952,-999.0,-999.0,-999.0,-999.0,-999.0,-999.0,-999.0,-999.0,-999.0,-999.0,-999.0,52.77400,11.38896,-999.0,-999.0,-999.0,-999.0,-999.000,-999.000,-999.0,-999.0,-999.0,-999.0,-999.000,-999.0,-999.0,-999.0,-999.0,-999.0,-999.0,-999.0,-999.000,-999.0,-999.000,-999.0,-999.000,-999.0,-999.000,-999.0,-999.0,-999.000,-999.000,-999.000
130300001,119.622,39.912,-999.0,-999.0,-999.0,-999.0,-999.0,-999.0,-999.0,-999.0,-999.0,-999.0,-999.0,-999.0,-999.0,-999.0,-999.0,-999.0,-999.0,-999.000,-999.000,-999.0,-999.0,-999.0,-999.0,-999.000,-999.0,-999.0,-999.0,-999.0,-999.0,-999.0,-999.0,-999.000,-999.0,-999.000,-999.0,-999.000,-999.0,-999.000,-999.0,-999.0,-999.000,-999.000,-999.000
131000003,116.709,39.551,-999.0,-999.0,-999.0,-999.0,-999.0,-999.0,-999.0,-999.0,-999.0,-999.0,-999.0,-999.0,-999.0,-999.0,-999.0,-999.0,-999.0,-999.000,-999.000,-999.0,-999.0,-999.0,-999.0,-999.000,-999.0,-999.0,-999.0,-999.0,-999.0,-999.0,-999.0,-999.000,-999.0,-999.000,-999.0,-999.000,-999.0,-999.000,-999.0,-999.0,-999.000,-999.000,-999.000
1320200001,120.317,31.513,-999.0,-999.0,-999.0,-999.0,-999.0,-999.0,-999.0,-999.0,-999.0,-999.0,-999.0,-999.0,-999.0,-999.0,-999.0,-999.0,-999.0,-999.000,-999.000,-999.0,-999.0,-999.0,-999.0,-999.000,-999.0,-999.0,-999.0,-999.0,-999.0,-999.0,-999.0,-999.000,-999.0,-999.000,-999.0,-999.000,-999.0,-999.000,-999.0,-999.0,-999.000,-999.000,-999.000
110000010,116.266,39.499,-999.0,-999.0,-999.0,-999.0,-999.0,-999.0,-999.0,-999.0,-999.0,-999.0,-999.0,-999.0,-999.0,-999.0,-999.0,-999.0,-999.0,-999.000,-999.000,-999.0,-999.0,-999.0,-999.0,-999.000,-999.0,-999.0,-999.0,-999.0,-999.0,-999.0,-999.0,-999.000,-999.0,-999.000,-999.0,-999.000,-999.0,-999.000,-999.0,-999.0,-999.000,-999.000,-999.000
130200001,118.130,39.634,-999.0,-999.0,-999.0,-999.0,-999.0,-999.0,-999.0,-999.0,-999.0,-999.0,-999.0,-999.0,-999.0,-999.0,-999.0,-999.0,-999.0,-999.000,-999.000,-999.0,-999.0,-999.0,-999.0,-999.000,-999.0,-999.0,-999.0,-999.0,-999.0,-999.0,-999.0,-999.000,-999.0,-999.000,-999.0,-999.000,-999.0,-999.000,-999.0,-999.0,-999.000,-999.000,-999.000
110000002,116.342,39.727,-999.0,-999.0,-999.0,-999.0,-999.0,-999.0,-999.0,-999.0,-999.0,-999.0,-999.0,-999.0,-999.0,-999.0,-999.0,-999.0,-999.0,-999.000,-999.000,-999.0,-999.0,-999.0,-999.0,-999.000,-999.0,-999.0,-999.0,-999.0,-999.0,-999.0,-999.0,-999.000,-999.0,-999.000,-999.0,-999.000,-999.0,-999.000,-999.0,-999.0,-999.000,-999.000,-999.000
131100003,115.678,37.732,-999.0,-999.0,-999.0,-999.0,-999.0,-999.0,-999.0,-999.0,-999.0,-999.0,-999.0,-999.0,-999.0,-999.0,-999.0,-999.0,-999.0,-999.000,-999.000,-999.0,-999.0,-999.0,-999.0,-999.000,-999.0,-999.0,-999.0,-999.0,-999.0,-999.0,-999.0,-999.000,-999.0,-999.000,-999.0,-999.000,-999.0,-999.000,-999.0,-999.0,-999.000,-999.000,-999.000
110000008,116.684,39.542,-999.0,-999.0,-999.0,-999.0,-999.0,-999.0,-999.0,-999.0,-999.0,-999.0,-999.0,-999.0,-999.0,-999.0,-999.0,-999.0,-999.0,-999.000,-999.000,-999.0,-999.0,-999.0,-999.0,-999.000,-999.0,-999.0,-999.0,-999.0,-999.0,-999.0,-999.0,-999.000,-999.0,-999.000,-999.0,-999.000,-999.0,-999.000,-999.0,-999.0,-999.000,-999.000,-999.000
410500002,114.398,36.089,-999.0,-999.0,-999.0,-999.0,-999.0,-999.0,-999.0,-999.0,-999.0,-999.0,-999.0,-999.0,-999.0,-999.0,-999.0,-999.0,-999.0,-999.000,-999.000,-999.0,-999.0,-999.0,-999.0,-999.000,-999.0,-999.0,-999.0,-999.0,-999.0,-999.0,-999.0,-999.000,-999.0,-999.000,-999.0,-999.000,-999.0,-999.000,-999.0,-999.0,-999.000,-999.000,-999.000
130400002,114.497,36.571,-999.0,-999.0,-999.0,-999.0,-999.0,-999.0,-999.0,-999.0,-999.0,-999.0,-999.0,-999.0,-999.0,-999.0,-999.0,-999.0,-999.0,-999.000,-999.000,-999.0,-999.0,-999.0,-999.0,-999.000,-999.0,-999.0,-999.0,-999.0,-999.0,-999.0,-999.0,-999.000,-999.0,-999.000,-999.0,-999.000,-999.0,-999.000,-999.0,-999.0,-999.000,-999.000,-999.000
370800001,116.623,35.429,-999.0,-999.0,-999.0,-999.0,-999.0,-999.0,-999.0,-999.0,-999.0,-999.0,-999.0,7.47517,2.36967,-999.0,-999.0,-999.0,-999.0,-999.000,-999.000,-999.0,-999.0,-999.0,-999.0,-999.000,-999.0,-999.0,-999.0,-999.0,-999.0,-999.0,-999.0,-999.000,-999.0,-999.000,-999.0,-999.000,-999.0,-999.000,-999.0,-999.0,-999.000,-999.000,-999.000
110000009,116.771,39.628,-999.0,-999.0,-999.0,-999.0,-999.0,-999.0,-999.0,-999.0,-999.0,-999.0,-999.0,-999.0,-999.0,-999.0,-999.0,-999.0,-999.0,-999.000,-999.000,-999.0,-999.0,-999.0,-999.0,-999.000,-999.0,-999.0,-999.0,-999.0,-999.0,-999.0,-999.0,-999.000,-999.0,-999.000,-999.0,-999.000,-999.0,-999.000,-999.0,-999.0,-999.000,-999.000,-999.000
110000011,115.831,39.542,-999.0,-999.0,2.35690,0.18260,2.50010,0.07470,-999.0,3.70350,0.08400,2.33070,0.28420,-999.0,-999.0,-999.0,-999.0,-999.0,-999.0,-999.000,-999.000,-999.0,-999.0,-999.0,-999.0,-999.000,-999.0,-999.0,-999.0,-999.0,-999.0,-999.0,-999.0,-999.000,-999.0,-999.000,-999.0,-999.000,-999.0,-999.000,-999.0,-999.0,-999.000,-999.000,-999.000
120000001,117.159,39.099,-999.0,-999.0,-999.0,-999.0,-999.0,-999.0,-999.0,-999.0,-999.0,-999.0,-999.0,-999.0,-999.0,-999.0,-999.0,-999.0,-999.0,-999.000,-999.000,-999.0,-999.0,-999.0,-999.0,-999.000,-999.0,-999.0,-999.0,-999.0,-999.0,-999.0,-999.0,-999.000,-999.0,-999.000,-999.0,-999.000,-999.0,-999.000,-999.0,-999.0,-999.000,-999.000,-999.000
131000004,117.006,39.761,-999.0,-999.0,-999.0,-999.0,-999.0,-999.0,-999.0,-999.0,-999.0,-999.0,-999.0,-999.0,-999.0,-999.0,-999.0,-999.0,-999.0,-999.000,-999.000,-999.0,-999.0,-999.0,-999.0,-999.000,-999.0,-999.0,-999.0,-999.0,-999.0,-999.0,-999.0,-999.000,-999.0,-999.000,-999.0,-999.000,-999.0,-999.000,-999.0,-999.0,-999.000,-999.000,-999.000
410900001,115.032,35.763,-999.0,-999.0,-999.0,-999.0,-999.0,-999.0,-999.0,-999.0,-999.0,-999.0,-999.0,-999.0,-999.0,-999.0,-999.0,-999.0,-999.0,-999.000,-999.000,-999.0,-999.0,-999.0,-999.0,-999.000,-999.0,-999.0,-999.0,-999.0,-999.0,-999.0,-999.0,-999.000,-999.0,-999.000,-999.0,-999.000,-999.0,-999.000,-999.0,-999.0,-999.000,-999.000,-999.000
410700002,113.924,35.303,-999.0,-999.0,-999.0,-999.0,-999.0,-999.0,-999.0,-999.0,-999.0,-999.0,-999.0,-999.0,-999.0,-999.0,-999.0,-999.0,-999.0,-999.000,-999.000,-999.0,-999.0,-999.0,-999.0,-999.000,-999.0,-999.0,-999.0,-999.0,-999.0,-999.0,-999.0,-999.000,-999.0,-999.000,-999.0,-999.000,-999.0,-999.000,-999.0,-999.0,-999.000,-999.000,-999.000
130100005,114.480,38.094,-999.0,-999.0,-999.0,-999.0,-999.0,-999.0,-999.0,-999.0,-999.0,-999.0,-999.0,-999.0,-999.0,-999.0,0.02527,-999.0,-999.0,-999.000,-999.000,-999.0,-999.0,-999.0,-999.0,-999.000,0.00371,-999.0,-999.0,-999.0,-999.0,-999.0,-999.0,-999.000,-999.0,-999.000,-999.0,-999.000,-999.0,-999.000,-999.0,-999.0,-999.000,-999.000,-999.000
120000006,117.412,40.055,-999.0,-999.0,-999.0,-999.0,-999.0,-999.0,-999.0,0.25300,-999.0,-999.0,-999.0,-999.0,-999.0,-999.0,-999.0,-999.0,-999.0,-999.000,-999.000,-999.0,-999.0,-999.0,-999.0,-999.000,-999.0,-999.0,-999.0,-999.0,-999.0,-999.0,-999.0,-999.000,-999.0,-999.000,-999.0,-999.000,-999.0,-999.000,-999.0,-999.0,-999.000,-999.000,-999.000
410100002,113.606,34.748,-999.0,-999.0,-999.0,-999.0,-999.0,-999.0,-999.0,-999.0,-999.0,-999.0,-999.0,-999.0,-999.0,-999.0,-999.0,-999.0,-999.0,-999.000,-999.000,-999.0,-999.0,-999.0,-999.0,-999.000,-999.0,-999.0,-999.0,-999.0,-999.0,-999.0,-999.0,-999.000,-999.0,-999.000,-999.0,-999.000,-999.0,-999.000,-999.0,-999.0,-999.000,-999.000,-999.000
130700003,114.895,40.834,-999.0,-999.0,-999.0,0.31000,-999.0,-999.0,-999.0,-999.0,-999.0,-999.0,-999.0,-999.0,-999.0,-999.0,-999.0,-999.0,-999.0,-999.000,-999.000,-999.0,-999.0,-999.0,-999.0,-999.000,-999.0,-999.0,-999.0,-999.0,-999.0,-999.0,-999.0,-999.000,-999.0,-999.000,-999.0,-999.000,-999.0,-999.000,-999.0,-999.0,-999.000,-999.000,-999.000
130500002,114.532,37.086,-999.0,-999.0,-999.0,-999.0,-999.0,-999.0,-999.0,-999.0,-999.0,-999.0,-999.0,-999.0,-999.0,-999.0,-999.0,-999.0,-999.0,-999.000,-999.000,-999.0,-999.0,-999.0,-999.0,-999.000,-999.0,-999.0,-999.0,-999.0,-999.0,-999.0,-999.0,-999.000,-999.0,-999.000,-999.0,-999.000,-999.0,-999.000,-999.0,-999.0,-999.000,-999.000,-999.000
410800001,113.279,35.206,-999.0,-999.0,-999.0,-999.0,-999.0,-999.0,-999.0,-999.0,-999.0,-999.0,-999.0,-999.0,-999.0,-999.0,-999.0,-999.0,-999.0,-999.000,-999.000,-999.0,-999.0,-999.0,-999.0,-999.000,-999.0,-999.0,-999.0,-999.0,-999.0,-999.0,-999.0,-999.000,-999.0,-999.000,-999.0,-999.000,-999.0,-999.000,-999.0,-999.0,-999.000,-999.000,-999.000
130200002,118.193,39.623,-999.0,-999.0,-999.0,-999.0,-999.0,-999.0,-999.0,0.55500,-999.0,-999.0,-999.0,-999.0,-999.0,-999.0,-999.0,-999.0,-999.0,-999.000,-999.000,-999.0,-999.0,-999.0,-999.0,-999.000,-999.0,-999.0,-999.0,-999.0,-999.0,-999.0,-999.0,-999.000,-999.0,-999.000,-999.0,-999.000,-999.0,-999.000,-999.0,-999.0,-999.000,-999.000,-999.000
410500001,114.399,36.089,-999.0,-999.0,-999.0,-999.0,-999.0,-999.0,-999.0,-999.0,-999.0,-999.0,-999.0,-999.0,-999.0,-999.0,-999.0,-999.0,-999.0,-999.000,-999.000,-999.0,-999.0,-999.0,-999.0,-999.000,-999.0,-999.0,-999.0,-999.0,-999.0,-999.0,-999.0,-999.000,-999.0,-999.000,-999.0,-999.000,-999.0,-999.000,-999.0,-999.0,-999.000,-999.000,-999.000
140800001,110.968,35.031,-999.0,-999.0,-999.0,9.46200,19.40100,10.28700,0.07500,1.21800,1.18800,15.50500,0.14000,44.94600,15.24600,-999.0,-999.0,-999.0,-999.0,-999.000,-999.000,-999.0,-999.0,-999.0,-999.0,-999.000,-999.0,-999.0,-999.0,-999.0,-999.0,-999.0,-999.0,-999.000,-999.0,-999.000,-999.0,-999.000,-999.0,-999.000,-999.0,-999.0,-999.000,-999.000,-999.000
371700001,115.522,35.213,-999.0,-999.0,-999.0,-999.0,-999.0,-999.0,-999.0,-999.0,-999.0,-999.0,-999.0,9.32625,2.85371,-999.0,-999.0,-999.0,-999.0,-999.000,-999.000,-999.0,-999.0,-999.0,-999.0,-999.000,-999.0,-999.0,-999.0,-999.0,-999.0,-999.0,-999.0,-999.000,-999.0,-999.000,-999.0,-999.000,-999.0,-999.000,-999.0,-999.0,-999.000,-999.000,-999.000
410100003,113.733,34.772,-999.0,-999.0,-999.0,-999.0,-999.0,-999.0,-999.0,-999.0,-999.0,-999.0,-999.0,-999.0,-999.0,-999.0,0.02373,-999.0,-999.0,-999.000,-999.000,-999.0,0.01619,0.00951,0.00283,-999.000,-999.0,-999.0,1.06441,-999.0,-999.0,-999.0,-999.0,-999.000,-999.0,-999.000,-999.0,-999.000,0.09467,-999.000,-999.0,-999.0,-999.000,-999.000,-999.000
371400002,116.362,37.444,-999.0,-999.0,-999.0,-999.0,-999.0,-999.0,-999.0,-999.0,-999.0,-999.0,-999.0,-999.0,-999.0,-999.0,-999.0,-999.0,-999.0,-999.000,-999.000,-999.0,-999.0,-999.0,-999.0,-999.000,-999.0,-999.0,-999.0,-999.0,-999.0,-999.0,-999.0,-999.000,-999.0,-999.000,-999.0,-999.000,-999.0,-999.000,-999.0,-999.0,-999.000,-999.000,-999.000
1320500001,120.630,31.286,-999.0,-999.0,-999.0,-999.0,-999.0,-999.0,-999.0,-999.0,-999.0,-999.0,-999.0,-999.0,-999.0,-999.0,-999.0,-999.0,-999.0,-999.000,-999.000,-999.0,-999.0,-999.0,-999.0,-999.000,-999.0,-999.0,-999.0,-999.0,-999.0,-999.0,-999.0,-999.000,-999.0,-999.000,-999.0,-999.000,-999.0,-999.000,-999.0,-999.0,-999.000,-999.000,-999.000
110000003,116.322,39.105,-999.0,-999.0,-999.0,-999.0,-999.0,-999.0,-999.0,-999.0,-999.0,-999.0,-999.0,-999.0,-999.0,-999.0,-999.0,-999.0,-999.0,-999.000,-999.000,-999.0,-999.0,-999.0,-999.0,-999.000,-999.0,-999.0,-999.0,-999.0,-999.0,-999.0,-999.0,-999.000,-999.0,-999.000,-999.0,-999.000,-999.0,-999.000,-999.0,-999.0,-999.000,-999.000,-999.000
350100002,119.290,26.110,-999.0,-999.0,-999.0,-999.0,-999.0,-999.0,-999.0,-999.0,-999.0,-999.0,-999.0,-999.0,-999.0,-999.0,-999.0,-999.0,-999.0,-999.000,-999.000,-999.0,-999.0,-999.0,-999.0,-999.000,-999.0,-999.0,-999.0,-999.0,-999.0,-999.0,-999.0,-999.000,-999.0,-999.000,-999.0,-999.000,-999.0,-999.000,-999.0,-999.0,-999.000,-999.000,-999.000
131100002,115.684,37.733,-999.0,-999.0,-999.0,-999.0,-999.0,-999.0,-999.0,-999.0,-999.0,-999.0,-999.0,-999.0,-999.0,-999.0,-999.0,-999.0,-999.0,-999.000,-999.000,-999.0,-999.0,-999.0,-999.0,-999.000,-999.0,-999.0,-999.0,-999.0,-999.0,-999.0,-999.0,-999.000,-999.0,-999.000,-999.0,-999.000,-999.0,-999.000,-999.0,-999.0,-999.000,-999.000,-999.000
130600002,115.481,38.836,-999.0,-999.0,-999.0,-999.0,-999.0,-999.0,-999.0,-999.0,-999.0,-999.0,-999.0,-999.0,-999.0,-999.0,-999.0,-999.0,-999.0,-999.000,-999.000,-999.0,-999.0,-999.0,-999.0,-999.000,-999.0,-999.0,-999.0,-999.0,-999.0,-999.0,-999.0,-999.000,-999.0,-999.000,-999.0,-999.000,-999.0,-999.000,-999.0,-999.0,-999.000,-999.000,-999.000
1320600001,120.948,31.991,-999.0,-999.0,-999.0,-999.0,-999.0,-999.0,-999.0,-999.0,-999.0,-999.0,-999.0,-999.0,-999.0,-999.0,-999.0,-999.0,-999.0,-999.000,-999.000,-999.0,-999.0,-999.0,-999.0,-999.000,-999.0,-999.0,-999.0,-999.0,-999.0,-999.0,-999.0,-999.000,-999.0,-999.000,-999.0,-999.000,-999.0,-999.000,-999.0,-999.0,-999.000,-999.000,-999.000
410600001,114.291,35.722,-999.0,-999.0,-999.0,-999.0,-999.0,-999.0,-999.0,-999.0,-999.0,-999.0,-999.0,-999.0,-999.0,-999.0,-999.0,-999.0,-999.0,-999.000,-999.000,-999.0,-999.0,-999.0,-999.0,-999.000,-999.0,-999.0,-999.0,-999.0,-999.0,-999.0,-999.0,-999.000,-999.0,-999.000,-999.0,-999.000,-999.0,-999.000,-999.0,-999.0,-999.000,-999.000,-999.000
370100002,117.062,36.658,-999.0,-999.0,-999.0,-999.0,-999.0,-999.0,-999.0,-999.0,-999.0,-999.0,-999.0,7.94383,2.48908,-999.0,-999.0,-999.0,0.61062,-999.000,-999.000,-999.0,0.03048,-999.0,-999.0,-999.000,-999.0,-999.0,-999.0,-999.0,-999.0,-999.0,-999.0,-999.000,-999.0,-999.000,-999.0,-999.000,-999.0,-999.000,-999.0,0.00857,-999.000,-999.000,-999.000
130100004,114.536,38.025,-999.0,-999.0,-999.0,-999.0,-999.0,-999.0,-999.0,-999.0,-999.0,-999.0,-999.0,-999.0,-999.0,-999.0,-999.0,-999.0,-999.0,-999.000,-999.000,-999.0,-999.0,-999.0,-999.0,-999.000,-999.0,-999.0,-999.0,-999.0,-999.0,-999.0,-999.0,-999.000,-999.0,-999.000,-999.0,-999.000,-999.0,-999.000,-999.0,-999.0,-999.000,-999.000,-999.000
1340100001,117.196,31.785,-999.0,-999.0,-999.0,-999.0,-999.0,-999.0,-999.0,-999.0,-999.0,-999.0,-999.0,-999.0,-999.0,-999.0,-999.0,-999.0,-999.0,-999.000,-999.000,-999.0,-999.0,-999.0,-999.0,-999.000,-999.0,-999.0,-999.0,-999.0,-999.0,-999.0,-999.0,-999.000,-999.0,-999.000,-999.0,-999.000,-999.0,-999.000,-999.0,-999.0,-999.000,-999.000,-999.000
371600001,118.006,37.380,-999.0,-999.0,-999.0,-999.0,-999.0,-999.0,-999.0,-999.0,-999.0,-999.0,-999.0,7.75388,1.66129,-999.0,-999.0,-999.0,-999.0,-999.000,-999.000,-999.0,-999.0,-999.0,-999.0,-999.000,-999.0,-999.0,-999.0,-999.0,-999.0,-999.0,-999.0,-999.000,-999.0,-999.000,-999.0,-999.000,-999.0,-999.000,-999.0,-999.0,-999.000,-999.000,-999.000
110000001,116.415,40.041,-999.0,-999.0,-999.0,-999.0,-999.0,-999.0,-999.0,-999.0,-999.0,-999.0,-999.0,-999.0,-999.0,-999.0,-999.0,-999.0,-999.0,-999.000,-999.000,-999.0,-999.0,-999.0,-999.0,-999.000,-999.0,-999.0,-999.0,-999.0,-999.0,-999.0,-999.0,-999.000,-999.0,-999.000,-999.0,-999.000,-999.0,-999.000,-999.0,-999.0,-999.000,-999.000,-999.000
110000012,116.426,40.048,38.99000,14.54600,-999.0,0.47000,4.14000,3.87000,-999.0,0.12500,0.16000,0.63800,0.01000,0.90600,0.01000,0.00003,0.00579,-999.0,0.76093,-999.000,-999.000,0.66525,-999.0,-999.0,-999.0,-999.000,0.00120,0.03862,0.09942,-999.0,-999.0,-999.0,0.08105,-999.000,0.00381,-999.000,0.00028,-999.000,0.06699,-999.000,-999.0,-999.0,-999.000,-999.000,-999.000
1306000001,116.034,39.492,-999.0,-999.0,-999.0,-999.0,-999.0,-999.0,-999.0,-999.0,-999.0,-999.0,-999.0,-999.0,-999.0,-999.0,-999.0,-999.0,-999.0,-999.000,-999.000,-999.0,-999.0,-999.0,-999.0,-999.000,-999.0,-999.0,-999.0,-999.0,-999.0,-999.0,-999.0,-999.000,-999.0,-999.000,-999.0,-999.000,-999.0,-999.000,-999.0,-999.0,-999.000,-999.000,-999.000
1307000001,114.898,40.837,-999.0,-999.0,-999.0,-999.0,-999.0,-999.0,-999.0,-999.0,-999.0,-999.0,-999.0,-999.0,-999.0,-999.0,-999.0,-999.0,-999.0,-999.000,-999.000,-999.0,-999.0,-999.0,-999.0,-999.000,-999.0,-999.0,-999.0,-999.0,-999.0,-999.0,-999.0,-999.000,-999.0,-999.000,-999.0,-999.000,-999.0,-999.000,-999.0,-999.0,-999.000,-999.000,-999.000
1311000001,115.694,37.808,-999.0,-999.0,-999.0,-999.0,-999.0,-999.0,-999.0,-999.0,-999.0,-999.0,-999.0,-999.0,-999.0,-999.0,-999.0,-999.0,-999.0,-999.000,-999.000,-999.0,-999.0,-999.0,-999.0,-999.000,-999.0,-999.0,-999.0,-999.0,-999.0,-999.0,-999.0,-999.000,-999.0,-999.000,-999.0,-999.000,-999.0,-999.000,-999.0,-999.0,-999.000,-999.000,-999.000
3701000001,117.610,36.720,-999.0,-999.0,-999.0,-999.0,-999.0,-999.0,-999.0,-999.0,-999.0,-999.0,-999.0,-999.0,-999.0,-999.0,-999.0,-999.0,-999.0,-999.000,-999.000,-999.0,-999.0,-999.0,-999.0,-999.000,-999.0,-999.0,-999.0,-999.0,-999.0,-999.0,-999.0,-999.000,-999.0,-999.000,-999.0,-999.000,-999.0,-999.000,-999.0,-999.0,-999.000,-999.000,-999.000
1200000004,117.850,39.494,-999.0,-999.0,-999.0,-999.0,-999.0,-999.0,-999.0,-999.0,-999.0,-999.0,-999.0,-999.0,-999.0,-999.0,-999.0,-999.0,-999.0,-999.000,-999.000,-999.0,-999.0,-999.0,-999.0,-999.000,-999.0,-999.0,-999.0,-999.0,-999.0,-999.0,-999.0,-999.000,-999.0,-999.000,-999.0,-999.000,-999.0,-999.000,-999.0,-999.0,-999.000,-999.000,-999.000
120000003,117.223,39.173,-999.0,-999.0,-999.0,-999.0,-999.0,-999.0,-999.0,-999.0,-999.0,-999.0,-999.0,-999.0,-999.0,-999.0,-999.0,-999.0,-999.0,-999.000,-999.000,-999.0,-999.0,-999.0,-999.0,-999.000,-999.0,-999.0,-999.0,-999.0,-999.0,-999.0,-999.0,-999.000,-999.0,-999.000,-999.0,-999.000,-999.0,-999.000,0.00059,-999.0,-999.000,-999.000,-999.000
140100001,112.547,37.874,-999.0,-999.0,-999.0,-999.0,-999.0,-999.0,-999.0,-999.0,-999.0,-999.0,-999.0,-999.0,-999.0,-999.0,-999.0,-999.0,-999.0,-999.000,-999.000,-999.0,-999.0,-999.0,-999.0,-999.000,-999.0,-999.0,-999.0,-999.0,-999.0,-999.0,-999.0,-999.000,-999.0,-999.000,-999.0,-999.000,-999.0,-999.000,-999.0,-999.0,-999.000,-999.000,-999.000
