stationcode,longitude,latitude,PM10,PM25,F-,Cl-,NO3-,SO42-,Ca2+,Na+,K+,NH4+,Mg2+,OC,EC,Hg,Br,As,Si,Te,V,Ca,Ti,Ba,Sc,Pd,Co,Mo,K,Fe,Pb,TI,Cu,Al,Cr,Cs,Ag,Zn,Sb,Sn,Mn,Cd,Ni,Ga,Se
110000006,116.041,39.597,-999.0,-999.0,-999.0,-999.0,-999.0,-999.0,-999.0,-999.0,-999.0,-999.0,-999.0,-999.0,-999.0,-999.0,-999.0,-999.0,-999.0,-999.000,-999.0,-999.0,-999.0,-999.0,-999.0,-999.000,-999.0,-999.0,-999.0,-999.0,-999.000,-999.0,-999.0,-999.000,-999.0,-999.0,-999.000,-999.0,-999.000,-999.000,-999.0,-999.000,-999.0,-999.0,-999.000
371500001,115.974,36.493,-999.0,-999.0,-999.0,-999.0,-999.0,-999.0,-999.0,-999.0,-999.0,-999.0,-999.0,12.87683,4.20500,-999.0,-999.0,-999.0,-999.0,-999.000,-999.0,-999.0,-999.0,-999.0,-999.0,-999.000,-999.0,-999.0,-999.0,-999.0,-999.000,-999.0,-999.0,-999.000,-999.0,-999.0,-999.000,-999.0,-999.000,-999.000,-999.0,-999.000,-999.0,-999.0,-999.000
150100001,111.752,40.841,-999.0,-999.0,-999.0,-999.0,-999.0,-999.0,-999.0,-999.0,-999.0,-999.0,-999.0,-999.0,-999.0,-999.0,-999.0,-999.0,-999.0,-999.000,-999.0,-999.0,-999.0,-999.0,-999.0,-999.000,-999.0,-999.0,-999.0,-999.0,-999.000,-999.0,-999.0,-999.000,-999.0,-999.0,-999.000,-999.0,-999.000,-999.000,-999.0,-999.000,-999.0,-999.0,-999.000
1320100001,118.754,32.055,-999.0,-999.0,-999.0,-999.0,-999.0,-999.0,-999.0,-999.0,-999.0,-999.0,-999.0,-999.0,-999.0,-999.0,-999.0,-999.0,-999.0,-999.000,-999.0,-999.0,-999.0,-999.0,-999.0,-999.000,-999.0,-999.0,-999.0,-999.0,-999.000,-999.0,-999.0,-999.000,-999.0,-999.0,-999.000,-999.0,-999.000,-999.000,-999.0,-999.000,-999.0,-999.0,-999.000
410200001,114.331,34.761,-999.0,-999.0,-999.0,-999.0,-999.0,-999.0,-999.0,-999.0,-999.0,-999.0,-999.0,6.85600,2.55300,-999.0,-999.0,-999.0,-999.0,-999.000,-999.0,-999.0,-999.0,-999.0,-999.0,-999.000,-999.0,-999.0,-999.0,-999.0,-999.000,-999.0,-999.0,-999.000,-999.0,-999.0,-999.000,-999.0,-999.000,-999.000,-999.0,-999.000,-999.0,-999.0,-999.000
140100002,112.482,37.719,-999.0,-999.0,-999.0,-999.0,-999.0,-999.0,-999.0,-999.0,-999.0,-999.0,-999.0,-999.0,-999.0,-999.0,-999.0,-999.0,-999.0,-999.000,-999.0,-999.0,-999.0,-999.0,-999.0,-999.000,-999.0,-999.0,-999.0,-999.0,-999.000,-999.0,-999.0,-999.000,-999.0,-999.0,-999.000,-999.0,-999.000,-999.000,-999.0,-999.000,-999.0,-999.0,-999.000
340100001,117.117,31.470,-999.0,-999.0,-999.0,-999.0,-999.0,-999.0,-999.0,-999.0,-999.0,-999.0,-999.0,-999.0,-999.0,-999.0,-999.0,-999.0,-999.0,-999.000,-999.0,-999.0,-999.0,-999.0,-999.0,-999.000,-999.0,-999.0,-999.0,-999.0,-999.000,-999.0,-999.0,-999.000,-999.0,-999.0,-999.000,-999.0,-999.000,-999.000,-999.0,-999.000,-999.0,-999.0,-999.000
410300001,112.419,34.613,-999.0,-999.0,0.37700,1.30500,22.15400,8.42000,1.01400,0.83900,0.25200,7.22600,0.13800,5.19900,1.17500,-999.0,-999.0,-999.0,-999.0,-999.000,-999.0,-999.0,-999.0,-999.0,-999.0,-999.000,-999.0,-999.0,-999.0,-999.0,-999.000,-999.0,-999.0,-999.000,-999.0,-999.0,-999.000,-999.0,-999.000,-999.000,-999.0,-999.000,-999.0,-999.0,-999.000
610100002,108.935,34.347,-999.0,-999.0,0.04800,2.80500,65.17500,20.32500,0.53800,0.47500,0.30900,30.29900,0.06600,16.47500,3.87400,-999.0,-999.0,-999.0,-999.0,-999.000,-999.0,-999.0,-999.0,-999.0,-999.0,-999.000,-999.0,-999.0,-999.0,-999.0,-999.000,-999.0,-999.0,-999.000,-999.0,-999.0,-999.000,-999.0,-999.000,-999.000,-999.0,-999.000,-999.0,-999.0,-999.000
1320300001,117.256,34.215,-999.0,-999.0,-999.0,-999.0,-999.0,-999.0,-999.0,-999.0,-999.0,-999.0,-999.0,-999.0,-999.0,-999.0,-999.0,-999.0,-999.0,-999.000,-999.0,-999.0,-999.0,-999.0,-999.0,-999.000,-999.0,-999.0,-999.0,-999.0,-999.000,-999.0,-999.0,-999.000,-999.0,-999.0,-999.000,-999.0,-999.000,-999.000,-999.0,-999.000,-999.0,-999.0,-999.000
130600003,115.482,38.926,-999.0,-999.0,-999.0,-999.0,-999.0,-999.0,-999.0,-999.0,-999.0,-999.0,-999.0,-999.0,-999.0,-999.0,-999.0,-999.0,-999.0,-999.000,-999.0,-999.0,-999.0,-999.0,-999.0,-999.000,-999.0,-999.0,-999.0,-999.0,-999.000,-999.0,-999.0,-999.000,-999.0,-999.0,-999.000,-999.0,-999.000,-999.000,-999.0,-999.000,-999.0,-999.0,-999.000
130500001,114.482,37.066,-999.0,-999.0,-999.0,-999.0,-999.0,-999.0,-999.0,-999.0,-999.0,-999.0,-999.0,-999.0,-999.0,-999.0,-999.0,-999.0,-999.0,-999.000,-999.0,-999.0,-999.0,-999.0,-999.0,-999.000,-999.0,-999.0,-999.0,-999.0,-999.000,-999.0,-999.0,-999.000,-999.0,-999.0,-999.000,-999.0,-999.000,-999.000,-999.0,-999.000,-999.0,-999.0,-999.000
110000005,116.326,39.521,-999.0,-999.0,-999.0,-999.0,-999.0,-999.0,-999.0,-999.0,-999.0,-999.0,-999.0,-999.0,-999.0,-999.0,-999.0,-999.0,-999.0,-999.000,-999.0,-999.0,-999.0,-999.0,-999.0,-999.000,-999.0,-999.0,-999.0,-999.0,-999.000,-999.0,-999.0,-999.000,-999.0,-999.0,-999.000,-999.0,-999.000,-999.000,-999.0,-999.000,-999.0,-999.0,-999.000
1640100001,106.225,38.489,-999.0,-999.0,-999.0,-999.0,-999.0,-999.0,-999.0,-999.0,-999.0,-999.0,-999.0,-999.0,-999.0,-999.0,-999.0,-999.0,-999.0,-999.000,-999.0,-999.0,-999.0,-999.0,-999.0,-999.000,-999.0,-999.0,-999.0,-999.0,-999.000,-999.0,-999.0,-999.000,-999.0,-999.0,-999.000,-999.0,-999.000,-999.000,-999.0,-999.000,-999.0,-999.0,-999.000
130700002,114.904,40.769,-999.0,-999.0,-999.0,-999.0,-999.0,-999.0,-999.0,-999.0,-999.0,-999.0,-999.0,-999.0,-999.0,-999.0,-999.0,-999.0,-999.0,-999.000,-999.0,-999.0,-999.0,-999.0,-999.0,-999.000,-999.0,-999.0,-999.0,-999.0,-999.000,-999.0,-999.0,-999.000,-999.0,-999.0,-999.000,-999.0,-999.000,-999.000,-999.0,-999.000,-999.0,-999.0,-999.000
141000001,111.526,36.063,-999.0,-999.0,0.90200,8.30700,62.69100,37.44200,2.19700,1.96400,2.34300,35.22700,0.10800,27.25500,7.82800,-999.0,-999.0,-999.0,-999.0,-999.000,-999.0,-999.0,-999.0,-999.0,-999.0,-999.000,-999.0,-999.0,-999.0,-999.0,-999.000,-999.0,-999.0,-999.000,-999.0,-999.0,-999.000,-999.0,-999.000,-999.000,-999.0,-999.000,-999.0,-999.0,-999.000
1411200001,111.278,34.716,-999.0,-999.0,-999.0,-999.0,-999.0,-999.0,-999.0,-999.0,-999.0,-999.0,-999.0,-999.0,-999.0,-999.0,-999.0,-999.0,-999.0,-999.000,-999.0,-999.0,-999.0,-999.0,-999.0,-999.000,-999.0,-999.0,-999.0,-999.0,-999.000,-999.0,-999.0,-999.000,-999.0,-999.0,-999.000,-999.0,-999.000,-999.000,-999.0,-999.000,-999.0,-999.0,-999.000
130300002,119.584,39.955,-999.0,-999.0,-999.0,-999.0,-999.0,-999.0,-999.0,-999.0,-999.0,-999.0,-999.0,-999.0,-999.0,-999.0,-999.0,-999.0,-999.0,-999.000,-999.0,-999.0,-999.0,-999.0,-999.0,-999.000,-999.0,-999.0,-999.0,-999.0,-999.000,-999.0,-999.0,-999.000,-999.0,-999.0,-999.000,-999.0,-999.000,-999.000,-999.0,-999.000,-999.0,-999.0,-999.000
140500001,112.857,35.488,-999.0,-999.0,-999.0,-999.0,-999.0,-999.0,-999.0,-999.0,-999.0,-999.0,-999.0,-999.0,-999.0,-999.0,-999.0,-999.0,-999.0,-999.000,-999.0,-999.0,-999.0,-999.0,-999.0,-999.000,-999.0,-999.0,-999.0,-999.0,-999.000,-999.0,-999.0,-999.000,-999.0,-999.0,-999.000,-999.0,-999.000,-999.000,-999.0,-999.000,-999.0,-999.0,-999.000
140300001,113.589,37.848,-999.0,-999.0,-999.0,-999.0,-999.0,-999.0,-999.0,-999.0,-999.0,-999.0,-999.0,-999.0,-999.0,-999.0,-999.0,-999.0,-999.0,-999.000,-999.0,-999.0,-999.0,-999.0,-999.0,-999.000,-999.0,-999.0,-999.0,-999.0,-999.000,-999.0,-999.0,-999.000,-999.0,-999.0,-999.000,-999.0,-999.000,-999.000,-999.0,-999.000,-999.0,-999.0,-999.000
120000005,117.042,39.384,-999.0,-999.0,-999.0,-999.0,-999.0,-999.0,-999.0,-999.0,-999.0,-999.0,-999.0,-999.0,-999.0,-999.0,-999.0,-999.0,-999.0,-999.000,-999.0,-999.0,-999.0,-999.0,-999.0,-999.000,-999.0,-999.0,-999.0,-999.0,-999.000,-999.0,-999.0,-999.000,-999.0,-999.0,-999.000,-999.0,-999.000,-999.000,-999.0,-999.000,-999.0,-999.0,-999.000
320100001,118.762,32.066,-999.0,-999.0,-999.0,-999.0,-999.0,-999.0,-999.0,-999.0,-999.0,-999.0,-999.0,-999.0,-999.0,-999.0,-999.0,-999.0,-999.0,-999.000,-999.0,-999.0,-999.0,-999.0,-999.0,-999.000,-999.0,-999.0,-999.0,-999.0,-999.000,-999.0,-999.0,-999.000,-999.0,-999.0,-999.000,-999.0,-999.000,-999.000,-999.0,-999.000,-999.0,-999.0,-999.000
370100001,117.171,36.669,-999.0,-999.0,-999.0,-999.0,-999.0,-999.0,-999.0,-999.0,-999.0,-999.0,-999.0,-999.0,-999.0,-999.0,-999.0,-999.0,-999.0,-999.000,-999.0,-999.0,-999.0,-999.0,-999.0,-999.000,-999.0,-999.0,-999.0,-999.0,-999.000,-999.0,-999.0,-999.000,-999.0,-999.0,-999.000,-999.0,-999.000,-999.000,-999.0,-999.000,-999.0,-999.0,-999.000
110000016,116.732,40.203,-999.0,-999.0,-999.0,-999.0,-999.0,-999.0,-999.0,-999.0,-999.0,-999.0,-999.0,-999.0,-999.0,-999.0,-999.0,-999.0,-999.0,-999.000,-999.0,-999.0,-999.0,-999.0,-999.0,-999.000,-999.0,-999.0,-999.0,-999.0,-999.000,-999.0,-999.0,-999.000,-999.0,-999.0,-999.000,-999.0,-999.000,-999.000,-999.0,-999.000,-999.0,-999.0,-999.000
120000004,117.283,39.683,-999.0,-999.0,-999.0,-999.0,-999.0,-999.0,-999.0,-999.0,-999.0,-999.0,-999.0,-999.0,-999.0,-999.0,-999.0,-999.0,-999.0,-999.000,-999.0,-999.0,-999.0,-999.0,-999.0,-999.000,-999.0,-999.0,-999.0,-999.0,-999.000,-999.0,-999.0,-999.000,-999.0,-999.0,-999.000,-999.0,-999.000,-999.000,-999.0,-999.000,-999.0,-999.0,-999.000
370300001,117.983,36.835,-999.0,-999.0,-999.0,-999.0,-999.0,-999.0,-999.0,-999.0,-999.0,-999.0,-999.0,19.05808,3.31342,-999.0,-999.0,-999.0,-999.0,-999.000,-999.0,-999.0,-999.0,-999.0,-999.0,-999.000,-999.0,-999.0,-999.0,-999.0,-999.000,-999.0,-999.0,-999.000,-999.0,-999.0,-999.000,-999.0,-999.000,-999.000,-999.0,-999.000,-999.0,-999.0,-999.000
130600004,115.946,38.945,-999.0,-999.0,-999.0,-999.0,-999.0,-999.0,-999.0,-999.0,-999.0,-999.0,-999.0,-999.0,-999.0,-999.0,0.05289,-999.0,0.67580,-999.000,-999.0,0.46018,-999.0,0.04344,0.01167,-999.000,0.00410,0.09442,1.70941,-999.0,-999.000,0.00027,0.20623,-999.000,-999.0,0.01267,-999.000,0.41486,-999.000,-999.000,0.09762,-999.000,-999.0,0.01256,-999.000
140400001,113.110,36.199,-999.0,-999.0,-999.0,-999.0,-999.0,-999.0,-999.0,-999.0,-999.0,-999.0,-999.0,-999.0,-999.0,-999.0,-999.0,-999.0,-999.0,-999.000,-999.0,-999.0,-999.0,-999.0,-999.0,-999.000,-999.0,-999.0,-999.0,-999.0,-999.000,-999.0,-999.0,-999.000,-999.0,-999.0,-999.000,-999.0,-999.000,-999.000,-999.0,-999.000,-999.0,-999.0,-999.000
430100001,113.090,28.204,-999.0,-999.0,-999.0,-999.0,-999.0,-999.0,-999.0,-999.0,-999.0,-999.0,-999.0,-999.0,-999.0,-999.0,-999.0,-999.0,-999.0,-999.000,-999.0,-999.0,-999.0,-999.0,-999.0,-999.000,-999.0,-999.0,-999.0,-999.0,-999.000,-999.0,-999.0,-999.000,-999.0,-999.0,-999.000,-999.0,-999.000,-999.000,-999.0,-999.000,-999.0,-999.0,-999.000
131000005,116.702,39.545,-999.0,-999.0,-999.0,-999.0,-999.0,-999.0,-999.0,-999.0,-999.0,-999.0,-999.0,-999.0,-999.0,-999.0,-999.0,-999.0,-999.0,-999.000,-999.0,-999.0,-999.0,-999.0,-999.0,-999.000,-999.0,-999.0,-999.0,-999.0,-999.000,-999.0,-999.0,-999.000,-999.0,-999.0,-999.000,-999.0,-999.000,-999.000,-999.0,-999.000,-999.0,-999.0,-999.000
110000004,116.424,40.049,-999.0,-999.0,-999.0,-999.0,-999.0,-999.0,-999.0,-999.0,-999.0,-999.0,-999.0,-999.0,-999.0,-999.0,-999.0,-999.0,-999.0,-999.000,-999.0,-999.0,-999.0,-999.0,-999.0,-999.000,-999.0,-999.0,-999.0,-999.0,-999.000,-999.0,-999.0,-999.000,-999.0,-999.0,-999.000,-999.0,-999.000,-999.000,-999.0,-999.000,-999.0,-999.0,-999.000
130900003,116.839,38.304,-999.0,-999.0,-999.0,-999.0,-999.0,-999.0,-999.0,-999.0,-999.0,-999.0,-999.0,-999.0,-999.0,-999.0,-999.0,-999.0,-999.0,-999.000,-999.0,-999.0,-999.0,-999.0,-999.0,-999.000,-999.0,-999.0,-999.0,-999.0,-999.000,-999.0,-999.0,-999.000,-999.0,-999.0,-999.000,-999.0,-999.000,-999.000,-999.0,-999.000,-999.0,-999.0,-999.000
371400003,115.823,36.952,-999.0,-999.0,-999.0,-999.0,-999.0,-999.0,-999.0,-999.0,-999.0,-999.0,-999.0,19.44700,4.85400,-999.0,-999.0,-999.0,-999.0,-999.000,-999.0,-999.0,-999.0,-999.0,-999.0,-999.000,-999.0,-999.0,-999.0,-999.0,-999.000,-999.0,-999.0,-999.000,-999.0,-999.0,-999.000,-999.0,-999.000,-999.000,-999.0,-999.000,-999.0,-999.0,-999.000
130300001,119.622,39.912,-999.0,-999.0,-999.0,-999.0,-999.0,-999.0,-999.0,-999.0,-999.0,-999.0,-999.0,-999.0,-999.0,-999.0,-999.0,-999.0,-999.0,-999.000,-999.0,-999.0,-999.0,-999.0,-999.0,-999.000,-999.0,-999.0,-999.0,-999.0,-999.000,-999.0,-999.0,-999.000,-999.0,-999.0,-999.000,-999.0,-999.000,-999.000,-999.0,-999.000,-999.0,-999.0,-999.000
131000003,116.709,39.551,-999.0,-999.0,-999.0,-999.0,-999.0,-999.0,-999.0,-999.0,-999.0,-999.0,-999.0,-999.0,-999.0,-999.0,-999.0,-999.0,-999.0,-999.000,-999.0,-999.0,-999.0,-999.0,-999.0,-999.000,-999.0,-999.0,-999.0,-999.0,-999.000,-999.0,-999.0,-999.000,-999.0,-999.0,-999.000,-999.0,-999.000,-999.000,-999.0,-999.000,-999.0,-999.0,-999.000
1320200001,120.317,31.513,-999.0,-999.0,-999.0,-999.0,-999.0,-999.0,-999.0,-999.0,-999.0,-999.0,-999.0,-999.0,-999.0,-999.0,-999.0,-999.0,-999.0,-999.000,-999.0,-999.0,-999.0,-999.0,-999.0,-999.000,-999.0,-999.0,-999.0,-999.0,-999.000,-999.0,-999.0,-999.000,-999.0,-999.0,-999.000,-999.0,-999.000,-999.000,-999.0,-999.000,-999.0,-999.0,-999.000
110000010,116.266,39.499,-999.0,-999.0,-999.0,-999.0,-999.0,-999.0,-999.0,-999.0,-999.0,-999.0,-999.0,-999.0,-999.0,-999.0,-999.0,-999.0,-999.0,-999.000,-999.0,-999.0,-999.0,-999.0,-999.0,-999.000,-999.0,-999.0,-999.0,-999.0,-999.000,-999.0,-999.0,-999.000,-999.0,-999.0,-999.000,-999.0,-999.000,-999.000,-999.0,-999.000,-999.0,-999.0,-999.000
130200001,118.130,39.634,-999.0,-999.0,-999.0,-999.0,-999.0,-999.0,-999.0,-999.0,-999.0,-999.0,-999.0,-999.0,-999.0,-999.0,-999.0,-999.0,-999.0,-999.000,-999.0,-999.0,-999.0,-999.0,-999.0,-999.000,-999.0,-999.0,-999.0,-999.0,-999.000,-999.0,-999.0,-999.000,-999.0,-999.0,-999.000,-999.0,-999.000,-999.000,-999.0,-999.000,-999.0,-999.0,-999.000
110000002,116.342,39.727,-999.0,-999.0,-999.0,-999.0,-999.0,-999.0,-999.0,-999.0,-999.0,-999.0,-999.0,-999.0,-999.0,-999.0,-999.0,-999.0,-999.0,-999.000,-999.0,-999.0,-999.0,-999.0,-999.0,-999.000,-999.0,-999.0,-999.0,-999.0,-999.000,-999.0,-999.0,-999.000,-999.0,-999.0,-999.000,-999.0,-999.000,-999.000,-999.0,-999.000,-999.0,-999.0,-999.000
131100003,115.678,37.732,-999.0,-999.0,-999.0,-999.0,-999.0,-999.0,-999.0,-999.0,-999.0,-999.0,-999.0,-999.0,-999.0,-999.0,-999.0,-999.0,-999.0,-999.000,-999.0,-999.0,-999.0,-999.0,-999.0,-999.000,-999.0,-999.0,-999.0,-999.0,-999.000,-999.0,-999.0,-999.000,-999.0,-999.0,-999.000,-999.0,-999.000,-999.000,-999.0,-999.000,-999.0,-999.0,-999.000
110000008,116.684,39.542,-999.0,-999.0,-999.0,-999.0,-999.0,-999.0,-999.0,-999.0,-999.0,-999.0,-999.0,-999.0,-999.0,-999.0,-999.0,-999.0,-999.0,-999.000,-999.0,-999.0,-999.0,-999.0,-999.0,-999.000,-999.0,-999.0,-999.0,-999.0,-999.000,-999.0,-999.0,-999.000,-999.0,-999.0,-999.000,-999.0,-999.000,-999.000,-999.0,-999.000,-999.0,-999.0,-999.000
410500002,114.398,36.089,-999.0,-999.0,-999.0,-999.0,-999.0,-999.0,-999.0,-999.0,-999.0,-999.0,-999.0,8.41800,2.71100,-999.0,-999.0,-999.0,-999.0,-999.000,-999.0,-999.0,-999.0,-999.0,-999.0,-999.000,-999.0,-999.0,-999.0,-999.0,-999.000,-999.0,-999.0,-999.000,-999.0,-999.0,-999.000,-999.0,-999.000,-999.000,-999.0,-999.000,-999.0,-999.0,-999.000
130400002,114.497,36.571,-999.0,-999.0,-999.0,-999.0,-999.0,-999.0,-999.0,-999.0,-999.0,-999.0,-999.0,-999.0,-999.0,-999.0,-999.0,-999.0,-999.0,-999.000,-999.0,-999.0,-999.0,-999.0,-999.0,-999.000,-999.0,-999.0,-999.0,-999.0,-999.000,-999.0,-999.0,-999.000,-999.0,-999.0,-999.000,-999.0,-999.000,-999.000,-999.0,-999.000,-999.0,-999.0,-999.000
370800001,116.623,35.429,-999.0,-999.0,-999.0,-999.0,-999.0,-999.0,-999.0,-999.0,-999.0,-999.0,-999.0,12.41813,1.47200,-999.0,-999.0,-999.0,-999.0,-999.000,-999.0,-999.0,-999.0,-999.0,-999.0,-999.000,-999.0,-999.0,-999.0,-999.0,-999.000,-999.0,-999.0,-999.000,-999.0,-999.0,-999.000,-999.0,-999.000,-999.000,-999.0,-999.000,-999.0,-999.0,-999.000
110000009,116.771,39.628,-999.0,-999.0,-999.0,-999.0,-999.0,-999.0,-999.0,-999.0,-999.0,-999.0,-999.0,-999.0,-999.0,-999.0,-999.0,-999.0,-999.0,-999.000,-999.0,-999.0,-999.0,-999.0,-999.0,-999.000,-999.0,-999.0,-999.0,-999.0,-999.000,-999.0,-999.0,-999.000,-999.0,-999.0,-999.000,-999.0,-999.000,-999.000,-999.0,-999.000,-999.0,-999.0,-999.000
110000011,115.831,39.542,-999.0,-999.0,-999.0,-999.0,-999.0,-999.0,-999.0,-999.0,-999.0,-999.0,-999.0,-999.0,-999.0,-999.0,-999.0,-999.0,-999.0,-999.000,-999.0,-999.0,-999.0,-999.0,-999.0,-999.000,-999.0,-999.0,-999.0,-999.0,-999.000,-999.0,-999.0,-999.000,-999.0,-999.0,-999.000,-999.0,-999.000,-999.000,-999.0,-999.000,-999.0,-999.0,-999.000
120000001,117.159,39.099,-999.0,-999.0,-999.0,-999.0,-999.0,-999.0,-999.0,-999.0,-999.0,-999.0,-999.0,-999.0,-999.0,-999.0,-999.0,-999.0,-999.0,-999.000,-999.0,-999.0,-999.0,-999.0,-999.0,-999.000,-999.0,-999.0,-999.0,-999.0,-999.000,-999.0,-999.0,-999.000,-999.0,-999.0,-999.000,-999.0,-999.000,-999.000,-999.0,-999.000,-999.0,-999.0,-999.000
131000004,117.006,39.761,-999.0,-999.0,-999.0,-999.0,-999.0,-999.0,-999.0,-999.0,-999.0,-999.0,-999.0,-999.0,-999.0,-999.0,-999.0,-999.0,-999.0,-999.000,-999.0,-999.0,-999.0,-999.0,-999.0,-999.000,-999.0,-999.0,-999.0,-999.0,-999.000,-999.0,-999.0,-999.000,-999.0,-999.0,-999.000,-999.0,-999.000,-999.000,-999.0,-999.000,-999.0,-999.0,-999.000
410900001,115.032,35.763,-999.0,-999.0,-999.0,-999.0,-999.0,-999.0,-999.0,-999.0,-999.0,-999.0,-999.0,7.20600,1.62000,-999.0,-999.0,-999.0,-999.0,-999.000,-999.0,-999.0,-999.0,-999.0,-999.0,-999.000,-999.0,-999.0,-999.0,-999.0,-999.000,-999.0,-999.0,-999.000,-999.0,-999.0,-999.000,-999.0,-999.000,-999.000,-999.0,-999.000,-999.0,-999.0,-999.000
410700002,113.924,35.303,-999.0,-999.0,0.06300,0.41200,13.55500,13.30000,0.24000,0.50500,0.29600,6.67800,0.03800,7.03000,6.45700,-999.0,-999.0,-999.0,-999.0,-999.000,-999.0,-999.0,-999.0,-999.0,-999.0,-999.000,-999.0,-999.0,-999.0,-999.0,-999.000,-999.0,-999.0,-999.000,-999.0,-999.0,-999.000,-999.0,-999.000,-999.000,-999.0,-999.000,-999.0,-999.0,-999.000
130100005,114.480,38.094,-999.0,-999.0,-999.0,-999.0,-999.0,-999.0,-999.0,-999.0,-999.0,-999.0,-999.0,-999.0,-999.0,-999.0,0.05036,-999.0,1.01948,-999.000,-999.0,-999.0,-999.0,-999.0,-999.0,-999.000,-999.0,-999.0,-999.0,-999.0,-999.000,-999.0,-999.0,-999.000,0.01578,-999.0,-999.000,-999.0,-999.000,-999.000,-999.0,-999.000,-999.0,-999.0,-999.000
120000006,117.412,40.055,-999.0,-999.0,-999.0,-999.0,-999.0,-999.0,-999.0,-999.0,-999.0,-999.0,-999.0,-999.0,-999.0,-999.0,-999.0,-999.0,-999.0,-999.000,-999.0,-999.0,-999.0,-999.0,-999.0,-999.000,-999.0,-999.0,-999.0,-999.0,-999.000,-999.0,-999.0,-999.000,-999.0,-999.0,-999.000,-999.0,-999.000,-999.000,-999.0,-999.000,-999.0,-999.0,-999.000
410100002,113.606,34.748,-999.0,-999.0,-999.0,-999.0,-999.0,-999.0,-999.0,-999.0,-999.0,-999.0,-999.0,-999.0,-999.0,-999.0,-999.0,-999.0,-999.0,-999.000,-999.0,-999.0,-999.0,-999.0,-999.0,-999.000,-999.0,-999.0,-999.0,-999.0,-999.000,-999.0,-999.0,-999.000,-999.0,-999.0,-999.000,-999.0,-999.000,-999.000,-999.0,-999.000,-999.0,-999.0,-999.000
130700003,114.895,40.834,-999.0,-999.0,-999.0,-999.0,-999.0,-999.0,-999.0,-999.0,-999.0,-999.0,-999.0,-999.0,-999.0,-999.0,-999.0,-999.0,-999.0,-999.000,-999.0,-999.0,-999.0,-999.0,-999.0,-999.000,-999.0,-999.0,-999.0,-999.0,-999.000,-999.0,-999.0,-999.000,-999.0,-999.0,-999.000,-999.0,-999.000,-999.000,-999.0,-999.000,-999.0,-999.0,-999.000
130500002,114.532,37.086,-999.0,-999.0,-999.0,-999.0,-999.0,-999.0,-999.0,-999.0,-999.0,-999.0,-999.0,-999.0,-999.0,-999.0,-999.0,-999.0,-999.0,-999.000,-999.0,-999.0,-999.0,-999.0,-999.0,-999.000,-999.0,-999.0,-999.0,-999.0,-999.000,-999.0,-999.0,-999.000,-999.0,-999.0,-999.000,-999.0,-999.000,-999.000,-999.0,-999.000,-999.0,-999.0,-999.000
410800001,113.279,35.206,-999.0,-999.0,-999.0,4.39600,43.62300,15.74800,0.68600,0.79900,1.05800,24.57000,0.07000,21.14000,2.60500,-999.0,-999.0,-999.0,-999.0,-999.000,-999.0,-999.0,-999.0,-999.0,-999.0,-999.000,-999.0,-999.0,-999.0,-999.0,-999.000,-999.0,-999.0,-999.000,-999.0,-999.0,-999.000,-999.0,-999.000,-999.000,-999.0,-999.000,-999.0,-999.0,-999.000
130200002,118.193,39.623,-999.0,-999.0,-999.0,-999.0,-999.0,-999.0,-999.0,-999.0,-999.0,-999.0,-999.0,-999.0,-999.0,-999.0,-999.0,-999.0,-999.0,-999.000,-999.0,-999.0,-999.0,-999.0,-999.0,-999.000,-999.0,-999.0,-999.0,-999.0,-999.000,-999.0,-999.0,-999.000,-999.0,-999.0,-999.000,-999.0,-999.000,-999.000,-999.0,-999.000,-999.0,-999.0,-999.000
410500001,114.399,36.089,-999.0,-999.0,-999.0,-999.0,-999.0,-999.0,-999.0,-999.0,-999.0,-999.0,-999.0,-999.0,-999.0,-999.0,-999.0,-999.0,-999.0,-999.000,-999.0,-999.0,-999.0,-999.0,-999.0,-999.000,-999.0,-999.0,-999.0,-999.0,-999.000,-999.0,-999.0,-999.000,-999.0,-999.0,-999.000,-999.0,-999.000,-999.000,-999.0,-999.000,-999.0,-999.0,-999.000
140800001,110.968,35.031,-999.0,-999.0,0.43300,1.33100,30.43300,8.49400,0.51800,0.48900,2.84900,9.35500,0.20600,7.55000,1.73900,-999.0,-999.0,-999.0,-999.0,-999.000,-999.0,-999.0,-999.0,-999.0,-999.0,-999.000,-999.0,-999.0,-999.0,-999.0,-999.000,-999.0,-999.0,-999.000,-999.0,-999.0,-999.000,-999.0,-999.000,-999.000,-999.0,-999.000,-999.0,-999.0,-999.000
371700001,115.522,35.213,-999.0,-999.0,-999.0,-999.0,-999.0,-999.0,-999.0,-999.0,-999.0,-999.0,-999.0,8.42017,1.23200,-999.0,-999.0,-999.0,-999.0,-999.000,-999.0,-999.0,-999.0,-999.0,-999.0,-999.000,-999.0,-999.0,-999.0,-999.0,-999.000,-999.0,-999.0,-999.000,-999.0,-999.0,-999.000,-999.0,-999.000,-999.000,-999.0,-999.000,-999.0,-999.0,-999.000
410100003,113.733,34.772,-999.0,-999.0,-999.0,-999.0,-999.0,-999.0,-999.0,-999.0,-999.0,-999.0,-999.0,-999.0,-999.0,-999.0,-999.0,-999.0,-999.0,-999.000,-999.0,-999.0,-999.0,-999.0,-999.0,-999.000,-999.0,-999.0,-999.0,-999.0,-999.000,-999.0,-999.0,-999.000,-999.0,-999.0,-999.000,-999.0,-999.000,-999.000,-999.0,-999.000,-999.0,-999.0,-999.000
371400002,116.362,37.444,-999.0,-999.0,-999.0,-999.0,-999.0,-999.0,-999.0,-999.0,-999.0,-999.0,-999.0,-999.0,-999.0,-999.0,-999.0,-999.0,-999.0,-999.000,-999.0,-999.0,-999.0,-999.0,-999.0,-999.000,-999.0,-999.0,-999.0,-999.0,-999.000,-999.0,-999.0,-999.000,-999.0,-999.0,-999.000,-999.0,-999.000,-999.000,-999.0,-999.000,-999.0,-999.0,-999.000
1320500001,120.630,31.286,-999.0,-999.0,-999.0,-999.0,-999.0,-999.0,-999.0,-999.0,-999.0,-999.0,-999.0,-999.0,-999.0,-999.0,-999.0,-999.0,-999.0,-999.000,-999.0,-999.0,-999.0,-999.0,-999.0,-999.000,-999.0,-999.0,-999.0,-999.0,-999.000,-999.0,-999.0,-999.000,-999.0,-999.0,-999.000,-999.0,-999.000,-999.000,-999.0,-999.000,-999.0,-999.0,-999.000
110000003,116.322,39.105,-999.0,-999.0,-999.0,-999.0,-999.0,-999.0,-999.0,-999.0,-999.0,-999.0,-999.0,-999.0,-999.0,-999.0,-999.0,-999.0,-999.0,-999.000,-999.0,-999.0,-999.0,-999.0,-999.0,-999.000,-999.0,-999.0,-999.0,-999.0,-999.000,-999.0,-999.0,-999.000,-999.0,-999.0,-999.000,-999.0,-999.000,-999.000,-999.0,-999.000,-999.0,-999.0,-999.000
350100002,119.290,26.110,-999.0,-999.0,-999.0,-999.0,-999.0,-999.0,-999.0,-999.0,-999.0,-999.0,-999.0,-999.0,-999.0,-999.0,-999.0,-999.0,-999.0,-999.000,-999.0,-999.0,-999.0,-999.0,-999.0,-999.000,-999.0,-999.0,-999.0,-999.0,-999.000,-999.0,-999.0,-999.000,-999.0,-999.0,-999.000,-999.0,-999.000,-999.000,-999.0,-999.000,-999.0,-999.0,-999.000
131100002,115.684,37.733,-999.0,-999.0,-999.0,-999.0,-999.0,-999.0,-999.0,-999.0,-999.0,-999.0,-999.0,-999.0,-999.0,-999.0,-999.0,-999.0,-999.0,-999.000,-999.0,-999.0,-999.0,-999.0,-999.0,-999.000,-999.0,-999.0,-999.0,-999.0,-999.000,-999.0,-999.0,-999.000,-999.0,-999.0,-999.000,-999.0,-999.000,-999.000,-999.0,-999.000,-999.0,-999.0,-999.000
130600002,115.481,38.836,-999.0,-999.0,-999.0,-999.0,-999.0,-999.0,-999.0,-999.0,-999.0,-999.0,-999.0,-999.0,-999.0,-999.0,-999.0,-999.0,-999.0,-999.000,-999.0,-999.0,-999.0,-999.0,-999.0,-999.000,-999.0,-999.0,-999.0,-999.0,-999.000,-999.0,-999.0,-999.000,-999.0,-999.0,-999.000,-999.0,-999.000,-999.000,-999.0,-999.000,-999.0,-999.0,-999.000
1320600001,120.948,31.991,-999.0,-999.0,-999.0,-999.0,-999.0,-999.0,-999.0,-999.0,-999.0,-999.0,-999.0,-999.0,-999.0,-999.0,-999.0,-999.0,-999.0,-999.000,-999.0,-999.0,-999.0,-999.0,-999.0,-999.000,-999.0,-999.0,-999.0,-999.0,-999.000,-999.0,-999.0,-999.000,-999.0,-999.0,-999.000,-999.0,-999.000,-999.000,-999.0,-999.000,-999.0,-999.0,-999.000
410600001,114.291,35.722,-999.0,-999.0,0.46800,1.29000,24.15000,14.30700,0.28900,0.34400,0.17600,9.99100,0.05200,12.51900,8.28700,-999.0,-999.0,-999.0,-999.0,-999.000,-999.0,-999.0,-999.0,-999.0,-999.0,-999.000,-999.0,-999.0,-999.0,-999.0,-999.000,-999.0,-999.0,-999.000,-999.0,-999.0,-999.000,-999.0,-999.000,-999.000,-999.0,-999.000,-999.0,-999.0,-999.000
370100002,117.062,36.658,-999.0,-999.0,-999.0,-999.0,-999.0,-999.0,-999.0,-999.0,-999.0,-999.0,-999.0,13.13739,4.10713,-999.0,0.02207,0.00977,1.36440,-999.000,0.00342,0.33582,0.01299,-999.0,0.00229,-999.000,-999.0,0.02076,0.72046,0.42579,-999.000,0.00013,0.09072,-999.000,0.00439,-999.0,-999.000,-999.0,-999.000,-999.000,0.05106,-999.000,-999.0,-999.0,-999.000
130100004,114.536,38.025,-999.0,-999.0,-999.0,-999.0,-999.0,-999.0,-999.0,-999.0,-999.0,-999.0,-999.0,-999.0,-999.0,-999.0,-999.0,-999.0,-999.0,-999.000,-999.0,-999.0,-999.0,-999.0,-999.0,-999.000,-999.0,-999.0,-999.0,-999.0,-999.000,-999.0,-999.0,-999.000,-999.0,-999.0,-999.000,-999.0,-999.000,-999.000,-999.0,-999.000,-999.0,-999.0,-999.000
1340100001,117.196,31.785,-999.0,-999.0,-999.0,-999.0,-999.0,-999.0,-999.0,-999.0,-999.0,-999.0,-999.0,-999.0,-999.0,-999.0,-999.0,-999.0,-999.0,-999.000,-999.0,-999.0,-999.0,-999.0,-999.0,-999.000,-999.0,-999.0,-999.0,-999.0,-999.000,-999.0,-999.0,-999.000,-999.0,-999.0,-999.000,-999.0,-999.000,-999.000,-999.0,-999.000,-999.0,-999.0,-999.000
371600001,118.006,37.380,-999.0,-999.0,-999.0,-999.0,-999.0,-999.0,-999.0,-999.0,-999.0,-999.0,-999.0,24.15300,4.12270,-999.0,-999.0,-999.0,-999.0,-999.000,-999.0,-999.0,-999.0,-999.0,-999.0,-999.000,-999.0,-999.0,-999.0,-999.0,-999.000,-999.0,-999.0,-999.000,-999.0,-999.0,-999.000,-999.0,-999.000,-999.000,-999.0,-999.000,-999.0,-999.0,-999.000
110000001,116.415,40.041,-999.0,-999.0,-999.0,-999.0,-999.0,-999.0,-999.0,-999.0,-999.0,-999.0,-999.0,-999.0,-999.0,-999.0,-999.0,-999.0,-999.0,-999.000,-999.0,-999.0,-999.0,-999.0,-999.0,-999.000,-999.0,-999.0,-999.0,-999.0,-999.000,-999.0,-999.0,-999.000,-999.0,-999.0,-999.000,-999.0,-999.000,-999.000,-999.0,-999.000,-999.0,-999.0,-999.000
110000012,116.426,40.048,310.12000,225.12000,-999.0,2.32000,33.89000,13.31000,0.22000,0.23000,0.71000,26.35000,0.07000,-999.0,-999.0,0.00204,0.05507,0.00729,-999.0,-999.000,-999.0,0.48597,-999.0,0.08225,0.01347,-999.000,0.01280,0.09297,1.71495,1.08542,-999.000,0.00254,0.17737,-999.000,0.01433,-999.0,-999.000,0.25896,-999.000,-999.000,0.12062,-999.000,0.00820,0.00486,-999.000
1306000001,116.034,39.492,-999.0,-999.0,-999.0,-999.0,-999.0,-999.0,-999.0,-999.0,-999.0,-999.0,-999.0,-999.0,-999.0,-999.0,-999.0,-999.0,-999.0,-999.000,-999.0,-999.0,-999.0,-999.0,-999.0,-999.000,-999.0,-999.0,-999.0,-999.0,-999.000,-999.0,-999.0,-999.000,-999.0,-999.0,-999.000,-999.0,-999.000,-999.000,-999.0,-999.000,-999.0,-999.0,-999.000
1307000001,114.898,40.837,-999.0,-999.0,-999.0,-999.0,-999.0,-999.0,-999.0,-999.0,-999.0,-999.0,-999.0,-999.0,-999.0,-999.0,-999.0,-999.0,-999.0,-999.000,-999.0,-999.0,-999.0,-999.0,-999.0,-999.000,-999.0,-999.0,-999.0,-999.0,-999.000,-999.0,-999.0,-999.000,-999.0,-999.0,-999.000,-999.0,-999.000,-999.000,-999.0,-999.000,-999.0,-999.0,-999.000
1311000001,115.694,37.808,-999.0,-999.0,-999.0,-999.0,-999.0,-999.0,-999.0,-999.0,-999.0,-999.0,-999.0,-999.0,-999.0,-999.0,-999.0,-999.0,-999.0,-999.000,-999.0,-999.0,-999.0,-999.0,-999.0,-999.000,-999.0,-999.0,-999.0,-999.0,-999.000,-999.0,-999.0,-999.000,-999.0,-999.0,-999.000,-999.0,-999.000,-999.000,-999.0,-999.000,-999.0,-999.0,-999.000
3701000001,117.610,36.720,-999.0,-999.0,-999.0,-999.0,-999.0,-999.0,-999.0,-999.0,-999.0,-999.0,-999.0,-999.0,-999.0,-999.0,-999.0,-999.0,-999.0,-999.000,-999.0,-999.0,-999.0,-999.0,-999.0,-999.000,-999.0,-999.0,-999.0,-999.0,-999.000,-999.0,-999.0,-999.000,-999.0,-999.0,-999.000,-999.0,-999.000,-999.000,-999.0,-999.000,-999.0,-999.0,-999.000
1200000004,117.850,39.494,-999.0,-999.0,-999.0,-999.0,-999.0,-999.0,-999.0,-999.0,-999.0,-999.0,-999.0,-999.0,-999.0,-999.0,-999.0,-999.0,-999.0,-999.000,-999.0,-999.0,-999.0,-999.0,-999.0,-999.000,-999.0,-999.0,-999.0,-999.0,-999.000,-999.0,-999.0,-999.000,-999.0,-999.0,-999.000,-999.0,-999.000,-999.000,-999.0,-999.000,-999.0,-999.0,-999.000
120000003,117.223,39.173,-999.0,-999.0,-999.0,-999.0,-999.0,-999.0,-999.0,-999.0,-999.0,-999.0,-999.0,-999.0,-999.0,-999.0,-999.0,-999.0,-999.0,-999.000,-999.0,-999.0,-999.0,-999.0,-999.0,-999.000,-999.0,-999.0,-999.0,-999.0,-999.000,-999.0,-999.0,-999.000,-999.0,-999.0,-999.000,-999.0,-999.000,-999.000,-999.0,-999.000,-999.0,-999.0,-999.000
140100001,112.547,37.874,-999.0,-999.0,-999.0,-999.0,-999.0,-999.0,-999.0,-999.0,-999.0,-999.0,-999.0,-999.0,-999.0,-999.0,-999.0,-999.0,-999.0,-999.000,-999.0,-999.0,-999.0,-999.0,-999.0,-999.000,-999.0,-999.0,-999.0,-999.0,-999.000,-999.0,-999.0,-999.000,-999.0,-999.0,-999.000,-999.0,-999.000,-999.000,-999.0,-999.000,-999.0,-999.0,-999.000
