stationcode,longitude,latitude,PM10,PM25,F-,Cl-,NO3-,SO42-,Ca2+,Na+,K+,NH4+,Mg2+,OC,EC,Hg,Br,As,Si,Te,V,Ca,Ti,Ba,Sc,Pd,Co,Mo,K,Fe,Pb,TI,Cu,Al,Cs,Ag,Zn,Sb,Sn,Mn,Cd,Ni,Ga,Se,Cr
110000006,116.041,39.597,-999.0,-999.0,-999.0,-999.0,-999.0,-999.0,-999.0,-999.0,-999.0,-999.0,-999.0,-999.0,-999.0,-999.0,-999.0,-999.0,-999.0,-999.000,-999.0,-999.0,-999.0,-999.0,-999.000,-999.0,-999.000,-999.0,-999.0,-999.0,-999.000,-999.0,-999.000,-999.000,-999.0,-999.000,-999.0,-999.000,-999.000,-999.0,-999.000,-999.0,-999.0,-999.000,-999.000
371500001,115.974,36.493,-999.0,-999.0,-999.0,-999.0,-999.0,-999.0,-999.0,-999.0,-999.0,-999.0,-999.0,18.02200,9.46142,-999.0,-999.0,-999.0,-999.0,-999.000,-999.0,-999.0,-999.0,-999.0,-999.000,-999.0,-999.000,-999.0,-999.0,-999.0,-999.000,-999.0,-999.000,-999.000,-999.0,-999.000,-999.0,-999.000,-999.000,-999.0,-999.000,-999.0,-999.0,-999.000,-999.000
150100001,111.752,40.841,-999.0,-999.0,-999.0,-999.0,-999.0,-999.0,-999.0,-999.0,-999.0,-999.0,-999.0,-999.0,-999.0,-999.0,-999.0,-999.0,-999.0,-999.000,-999.0,-999.0,-999.0,-999.0,-999.000,-999.0,-999.000,-999.0,-999.0,-999.0,-999.000,-999.0,-999.000,-999.000,-999.0,-999.000,-999.0,-999.000,-999.000,-999.0,-999.000,-999.0,-999.0,-999.000,-999.000
1320100001,118.754,32.055,-999.0,-999.0,-999.0,-999.0,-999.0,-999.0,-999.0,-999.0,-999.0,-999.0,-999.0,-999.0,-999.0,-999.0,-999.0,-999.0,-999.0,-999.000,-999.0,-999.0,-999.0,-999.0,-999.000,-999.0,-999.000,-999.0,-999.0,-999.0,-999.000,-999.0,-999.000,-999.000,-999.0,-999.000,-999.0,-999.000,-999.000,-999.0,-999.000,-999.0,-999.0,-999.000,-999.000
410200001,114.331,34.761,-999.0,-999.0,-999.0,-999.0,-999.0,-999.0,-999.0,-999.0,-999.0,-999.0,-999.0,-999.0,-999.0,-999.0,-999.0,-999.0,-999.0,-999.000,-999.0,-999.0,-999.0,-999.0,-999.000,-999.0,-999.000,-999.0,-999.0,-999.0,-999.000,-999.0,-999.000,-999.000,-999.0,-999.000,-999.0,-999.000,-999.000,-999.0,-999.000,-999.0,-999.0,-999.000,-999.000
140100002,112.482,37.719,-999.0,-999.0,-999.0,-999.0,-999.0,-999.0,-999.0,-999.0,-999.0,-999.0,-999.0,-999.0,-999.0,-999.0,-999.0,0.00568,-999.0,-999.000,-999.0,-999.0,-999.0,-999.0,-999.000,-999.0,-999.000,-999.0,-999.0,-999.0,-999.000,-999.0,-999.000,-999.000,-999.0,-999.000,-999.0,-999.000,-999.000,-999.0,-999.000,-999.0,-999.0,-999.000,-999.000
340100001,117.117,31.470,-999.0,-999.0,-999.0,-999.0,-999.0,-999.0,-999.0,-999.0,-999.0,-999.0,-999.0,-999.0,-999.0,-999.0,-999.0,-999.0,-999.0,-999.000,-999.0,-999.0,-999.0,-999.0,-999.000,-999.0,-999.000,-999.0,-999.0,-999.0,-999.000,-999.0,-999.000,-999.000,-999.0,-999.000,-999.0,-999.000,-999.000,-999.0,-999.000,-999.0,-999.0,-999.000,-999.000
410300001,112.419,34.613,-999.0,-999.0,0.11500,5.25200,21.95300,5.96000,-999.0,1.40900,1.49500,5.77600,0.28400,11.57000,11.53300,-999.0,-999.0,-999.0,-999.0,-999.000,-999.0,-999.0,-999.0,-999.0,-999.000,-999.0,-999.000,-999.0,-999.0,-999.0,-999.000,-999.0,-999.000,-999.000,-999.0,-999.000,-999.0,-999.000,-999.000,-999.0,-999.000,-999.0,-999.0,-999.000,-999.000
610100002,108.935,34.347,-999.0,-999.0,1.20600,6.20700,22.80900,7.79800,1.14800,0.84700,0.18200,11.88300,0.09900,25.69600,8.41800,-999.0,-999.0,-999.0,-999.0,-999.000,-999.0,-999.0,-999.0,-999.0,-999.000,-999.0,-999.000,-999.0,-999.0,-999.0,-999.000,-999.0,-999.000,-999.000,-999.0,-999.000,-999.0,-999.000,-999.000,-999.0,-999.000,-999.0,-999.0,-999.000,-999.000
1320300001,117.256,34.215,-999.0,-999.0,-999.0,-999.0,-999.0,-999.0,-999.0,-999.0,-999.0,-999.0,-999.0,-999.0,-999.0,-999.0,-999.0,-999.0,-999.0,-999.000,-999.0,-999.0,-999.0,-999.0,-999.000,-999.0,-999.000,-999.0,-999.0,-999.0,-999.000,-999.0,-999.000,-999.000,-999.0,-999.000,-999.0,-999.000,-999.000,-999.0,-999.000,-999.0,-999.0,-999.000,-999.000
130600003,115.482,38.926,-999.0,-999.0,-999.0,-999.0,-999.0,-999.0,-999.0,-999.0,-999.0,-999.0,-999.0,-999.0,-999.0,-999.0,-999.0,-999.0,-999.0,-999.000,-999.0,-999.0,-999.0,-999.0,-999.000,-999.0,-999.000,-999.0,-999.0,-999.0,-999.000,-999.0,-999.000,-999.000,-999.0,-999.000,-999.0,-999.000,-999.000,-999.0,-999.000,-999.0,-999.0,-999.000,-999.000
130500001,114.482,37.066,-999.0,-999.0,-999.0,-999.0,-999.0,-999.0,-999.0,-999.0,-999.0,-999.0,-999.0,-999.0,-999.0,-999.0,-999.0,-999.0,-999.0,-999.000,-999.0,-999.0,-999.0,-999.0,-999.000,-999.0,-999.000,-999.0,-999.0,-999.0,-999.000,-999.0,-999.000,-999.000,-999.0,-999.000,-999.0,-999.000,-999.000,-999.0,-999.000,-999.0,-999.0,-999.000,-999.000
110000005,116.326,39.521,-999.0,-999.0,-999.0,-999.0,-999.0,-999.0,-999.0,-999.0,-999.0,-999.0,-999.0,-999.0,-999.0,-999.0,-999.0,-999.0,-999.0,-999.000,-999.0,-999.0,-999.0,-999.0,-999.000,-999.0,-999.000,-999.0,-999.0,-999.0,-999.000,-999.0,-999.000,-999.000,-999.0,-999.000,-999.0,-999.000,-999.000,-999.0,-999.000,-999.0,-999.0,-999.000,-999.000
1640100001,106.225,38.489,-999.0,-999.0,-999.0,-999.0,-999.0,-999.0,-999.0,-999.0,-999.0,-999.0,-999.0,-999.0,-999.0,-999.0,-999.0,-999.0,-999.0,-999.000,-999.0,-999.0,-999.0,-999.0,-999.000,-999.0,-999.000,-999.0,-999.0,-999.0,-999.000,-999.0,-999.000,-999.000,-999.0,-999.000,-999.0,-999.000,-999.000,-999.0,-999.000,-999.0,-999.0,-999.000,-999.000
130700002,114.904,40.769,-999.0,-999.0,-999.0,-999.0,-999.0,-999.0,-999.0,-999.0,-999.0,-999.0,-999.0,-999.0,-999.0,-999.0,-999.0,-999.0,-999.0,-999.000,-999.0,-999.0,-999.0,-999.0,-999.000,-999.0,-999.000,-999.0,-999.0,-999.0,-999.000,-999.0,-999.000,-999.000,-999.0,-999.000,-999.0,-999.000,-999.000,-999.0,-999.000,-999.0,-999.0,-999.000,-999.000
141000001,111.526,36.063,-999.0,-999.0,-999.0,11.39100,12.66800,8.61900,2.58600,2.38200,3.16600,12.08100,0.27200,34.46800,12.32000,-999.0,-999.0,-999.0,-999.0,-999.000,-999.0,-999.0,-999.0,-999.0,-999.000,-999.0,-999.000,-999.0,-999.0,-999.0,-999.000,-999.0,-999.000,-999.000,-999.0,-999.000,-999.0,-999.000,-999.000,-999.0,-999.000,-999.0,-999.0,-999.000,-999.000
1411200001,111.278,34.716,-999.0,-999.0,-999.0,-999.0,-999.0,-999.0,-999.0,-999.0,-999.0,-999.0,-999.0,-999.0,-999.0,-999.0,-999.0,-999.0,-999.0,-999.000,-999.0,-999.0,-999.0,-999.0,-999.000,-999.0,-999.000,-999.0,-999.0,-999.0,-999.000,-999.0,-999.000,-999.000,-999.0,-999.000,-999.0,-999.000,-999.000,-999.0,-999.000,-999.0,-999.0,-999.000,-999.000
130300002,119.584,39.955,-999.0,-999.0,-999.0,-999.0,-999.0,-999.0,-999.0,-999.0,-999.0,-999.0,-999.0,-999.0,-999.0,-999.0,-999.0,-999.0,-999.0,-999.000,-999.0,-999.0,-999.0,-999.0,-999.000,-999.0,-999.000,-999.0,-999.0,-999.0,-999.000,-999.0,-999.000,-999.000,-999.0,-999.000,-999.0,-999.000,-999.000,-999.0,-999.000,-999.0,-999.0,-999.000,-999.000
140500001,112.857,35.488,-999.0,-999.0,-999.0,-999.0,-999.0,-999.0,-999.0,-999.0,-999.0,-999.0,-999.0,-999.0,-999.0,-999.0,-999.0,-999.0,-999.0,-999.000,-999.0,-999.0,-999.0,-999.0,-999.000,-999.0,-999.000,-999.0,-999.0,-999.0,-999.000,-999.0,-999.000,-999.000,-999.0,-999.000,-999.0,-999.000,-999.000,-999.0,-999.000,-999.0,-999.0,-999.000,-999.000
140300001,113.589,37.848,-999.0,-999.0,-999.0,-999.0,-999.0,-999.0,-999.0,-999.0,-999.0,-999.0,-999.0,-999.0,-999.0,-999.0,-999.0,-999.0,-999.0,-999.000,-999.0,-999.0,-999.0,-999.0,-999.000,-999.0,-999.000,-999.0,-999.0,-999.0,-999.000,-999.0,-999.000,-999.000,-999.0,-999.000,-999.0,-999.000,-999.000,-999.0,-999.000,-999.0,-999.0,-999.000,-999.000
120000005,117.042,39.384,-999.0,-999.0,-999.0,-999.0,-999.0,-999.0,-999.0,1.38800,-999.0,-999.0,-999.0,29.77300,-999.0,-999.0,-999.0,-999.0,-999.0,-999.000,-999.0,-999.0,-999.0,-999.0,-999.000,-999.0,-999.000,-999.0,-999.0,-999.0,-999.000,-999.0,-999.000,-999.000,-999.0,-999.000,-999.0,-999.000,-999.000,-999.0,-999.000,-999.0,-999.0,-999.000,-999.000
320100001,118.762,32.066,-999.0,-999.0,-999.0,-999.0,-999.0,-999.0,-999.0,-999.0,-999.0,-999.0,-999.0,-999.0,-999.0,-999.0,-999.0,-999.0,-999.0,-999.000,-999.0,-999.0,-999.0,-999.0,-999.000,-999.0,-999.000,-999.0,-999.0,-999.0,-999.000,-999.0,-999.000,-999.000,-999.0,-999.000,-999.0,-999.000,-999.000,-999.0,-999.000,-999.0,-999.0,-999.000,-999.000
370100001,117.171,36.669,-999.0,-999.0,-999.0,-999.0,-999.0,-999.0,-999.0,-999.0,-999.0,-999.0,-999.0,-999.0,-999.0,-999.0,-999.0,-999.0,-999.0,-999.000,-999.0,-999.0,-999.0,-999.0,-999.000,-999.0,-999.000,-999.0,-999.0,-999.0,-999.000,-999.0,-999.000,-999.000,-999.0,-999.000,-999.0,-999.000,-999.000,-999.0,-999.000,-999.0,-999.0,-999.000,-999.000
110000016,116.732,40.203,-999.0,-999.0,-999.0,-999.0,-999.0,-999.0,-999.0,-999.0,-999.0,-999.0,-999.0,-999.0,-999.0,-999.0,-999.0,-999.0,-999.0,-999.000,-999.0,-999.0,-999.0,-999.0,-999.000,-999.0,-999.000,-999.0,-999.0,-999.0,-999.000,-999.0,-999.000,-999.000,-999.0,-999.000,-999.0,-999.000,-999.000,-999.0,-999.000,-999.0,-999.0,-999.000,-999.000
120000004,117.283,39.683,-999.0,-999.0,-999.0,-999.0,-999.0,-999.0,-999.0,-999.0,-999.0,-999.0,-999.0,-999.0,-999.0,-999.0,-999.0,-999.0,-999.0,-999.000,-999.0,-999.0,-999.0,-999.0,-999.000,-999.0,-999.000,-999.0,-999.0,-999.0,-999.000,-999.0,-999.000,-999.000,-999.0,-999.000,-999.0,-999.000,-999.000,-999.0,-999.000,-999.0,-999.0,-999.000,-999.000
370300001,117.983,36.835,-999.0,-999.0,-999.0,-999.0,-999.0,-999.0,-999.0,-999.0,-999.0,-999.0,-999.0,18.60200,4.11954,-999.0,-999.0,-999.0,-999.0,-999.000,-999.0,-999.0,-999.0,-999.0,-999.000,-999.0,-999.000,-999.0,-999.0,-999.0,-999.000,-999.0,-999.000,-999.000,-999.0,-999.000,-999.0,-999.000,-999.000,-999.0,-999.000,-999.0,-999.0,-999.000,-999.000
130600004,115.946,38.945,-999.0,-999.0,-999.0,-999.0,-999.0,-999.0,-999.0,-999.0,-999.0,-999.0,-999.0,-999.0,-999.0,-999.0,0.05792,0.00865,-999.0,-999.000,-999.0,0.68401,-999.0,-999.0,-999.000,-999.0,-999.000,-999.0,1.95065,-999.0,-999.000,-999.0,-999.000,-999.000,0.00944,-999.000,-999.0,-999.000,-999.000,0.09736,-999.000,-999.0,-999.0,-999.000,-999.000
140400001,113.110,36.199,-999.0,-999.0,-999.0,-999.0,-999.0,-999.0,-999.0,-999.0,-999.0,-999.0,-999.0,-999.0,-999.0,-999.0,-999.0,-999.0,-999.0,-999.000,-999.0,-999.0,-999.0,-999.0,-999.000,-999.0,-999.000,-999.0,-999.0,-999.0,-999.000,-999.0,-999.000,-999.000,-999.0,-999.000,-999.0,-999.000,-999.000,-999.0,-999.000,-999.0,-999.0,-999.000,-999.000
430100001,113.090,28.204,-999.0,-999.0,-999.0,-999.0,-999.0,-999.0,-999.0,-999.0,-999.0,-999.0,-999.0,-999.0,-999.0,-999.0,-999.0,-999.0,-999.0,-999.000,-999.0,-999.0,-999.0,-999.0,-999.000,-999.0,-999.000,-999.0,-999.0,-999.0,-999.000,-999.0,-999.000,-999.000,-999.0,-999.000,-999.0,-999.000,-999.000,-999.0,-999.000,-999.0,-999.0,-999.000,-999.000
131000005,116.702,39.545,-999.0,-999.0,-999.0,-999.0,-999.0,-999.0,-999.0,-999.0,-999.0,-999.0,-999.0,-999.0,-999.0,-999.0,-999.0,-999.0,-999.0,-999.000,-999.0,-999.0,-999.0,-999.0,-999.000,-999.0,-999.000,-999.0,-999.0,-999.0,-999.000,-999.0,-999.000,-999.000,-999.0,-999.000,-999.0,-999.000,-999.000,-999.0,-999.000,-999.0,-999.0,-999.000,-999.000
110000004,116.424,40.049,-999.0,-999.0,-999.0,-999.0,-999.0,-999.0,-999.0,-999.0,-999.0,-999.0,-999.0,-999.0,-999.0,-999.0,-999.0,-999.0,-999.0,-999.000,-999.0,-999.0,-999.0,-999.0,-999.000,-999.0,-999.000,-999.0,-999.0,-999.0,-999.000,-999.0,-999.000,-999.000,-999.0,-999.000,-999.0,-999.000,-999.000,-999.0,-999.000,-999.0,-999.0,-999.000,-999.000
130900003,116.839,38.304,-999.0,-999.0,-999.0,-999.0,-999.0,-999.0,-999.0,-999.0,-999.0,-999.0,-999.0,-999.0,-999.0,-999.0,-999.0,-999.0,-999.0,-999.000,-999.0,-999.0,-999.0,-999.0,-999.000,-999.0,-999.000,-999.0,-999.0,-999.0,-999.000,-999.0,-999.000,-999.000,-999.0,-999.000,-999.0,-999.000,-999.000,-999.0,-999.000,-999.0,-999.0,-999.000,-999.000
371400003,115.823,36.952,-999.0,-999.0,-999.0,-999.0,-999.0,-999.0,-999.0,-999.0,-999.0,-999.0,-999.0,29.27678,8.54056,-999.0,-999.0,-999.0,-999.0,-999.000,-999.0,-999.0,-999.0,-999.0,-999.000,-999.0,-999.000,-999.0,-999.0,-999.0,-999.000,-999.0,-999.000,-999.000,-999.0,-999.000,-999.0,-999.000,-999.000,-999.0,-999.000,-999.0,-999.0,-999.000,-999.000
130300001,119.622,39.912,-999.0,-999.0,-999.0,-999.0,-999.0,-999.0,-999.0,-999.0,-999.0,-999.0,-999.0,-999.0,-999.0,-999.0,-999.0,-999.0,-999.0,-999.000,-999.0,-999.0,-999.0,-999.0,-999.000,-999.0,-999.000,-999.0,-999.0,-999.0,-999.000,-999.0,-999.000,-999.000,-999.0,-999.000,-999.0,-999.000,-999.000,-999.0,-999.000,-999.0,-999.0,-999.000,-999.000
131000003,116.709,39.551,-999.0,-999.0,-999.0,-999.0,-999.0,-999.0,-999.0,-999.0,-999.0,-999.0,-999.0,-999.0,-999.0,-999.0,-999.0,-999.0,-999.0,-999.000,-999.0,-999.0,-999.0,-999.0,-999.000,-999.0,-999.000,-999.0,-999.0,-999.0,-999.000,-999.0,-999.000,-999.000,-999.0,-999.000,-999.0,-999.000,-999.000,-999.0,-999.000,-999.0,-999.0,-999.000,-999.000
1320200001,120.317,31.513,-999.0,-999.0,-999.0,-999.0,-999.0,-999.0,-999.0,-999.0,-999.0,-999.0,-999.0,-999.0,-999.0,-999.0,-999.0,-999.0,-999.0,-999.000,-999.0,-999.0,-999.0,-999.0,-999.000,-999.0,-999.000,-999.0,-999.0,-999.0,-999.000,-999.0,-999.000,-999.000,-999.0,-999.000,-999.0,-999.000,-999.000,-999.0,-999.000,-999.0,-999.0,-999.000,-999.000
110000010,116.266,39.499,-999.0,-999.0,-999.0,-999.0,-999.0,-999.0,-999.0,-999.0,-999.0,-999.0,-999.0,-999.0,-999.0,-999.0,-999.0,-999.0,-999.0,-999.000,-999.0,-999.0,-999.0,-999.0,-999.000,-999.0,-999.000,-999.0,-999.0,-999.0,-999.000,-999.0,-999.000,-999.000,-999.0,-999.000,-999.0,-999.000,-999.000,-999.0,-999.000,-999.0,-999.0,-999.000,-999.000
130200001,118.130,39.634,-999.0,-999.0,-999.0,-999.0,-999.0,-999.0,-999.0,-999.0,-999.0,-999.0,-999.0,-999.0,-999.0,-999.0,-999.0,-999.0,-999.0,-999.000,-999.0,-999.0,-999.0,-999.0,-999.000,-999.0,-999.000,-999.0,-999.0,-999.0,-999.000,-999.0,-999.000,-999.000,-999.0,-999.000,-999.0,-999.000,-999.000,-999.0,-999.000,-999.0,-999.0,-999.000,-999.000
110000002,116.342,39.727,-999.0,-999.0,-999.0,-999.0,-999.0,-999.0,-999.0,-999.0,-999.0,-999.0,-999.0,-999.0,-999.0,-999.0,-999.0,-999.0,-999.0,-999.000,-999.0,-999.0,-999.0,-999.0,-999.000,-999.0,-999.000,-999.0,-999.0,-999.0,-999.000,-999.0,-999.000,-999.000,-999.0,-999.000,-999.0,-999.000,-999.000,-999.0,-999.000,-999.0,-999.0,-999.000,-999.000
131100003,115.678,37.732,-999.0,-999.0,-999.0,-999.0,-999.0,-999.0,-999.0,-999.0,-999.0,-999.0,-999.0,-999.0,-999.0,-999.0,-999.0,-999.0,-999.0,-999.000,-999.0,-999.0,-999.0,-999.0,-999.000,-999.0,-999.000,-999.0,-999.0,-999.0,-999.000,-999.0,-999.000,-999.000,-999.0,-999.000,-999.0,-999.000,-999.000,-999.0,-999.000,-999.0,-999.0,-999.000,-999.000
110000008,116.684,39.542,-999.0,-999.0,-999.0,-999.0,-999.0,-999.0,-999.0,-999.0,-999.0,-999.0,-999.0,-999.0,-999.0,-999.0,-999.0,-999.0,-999.0,-999.000,-999.0,-999.0,-999.0,-999.0,-999.000,-999.0,-999.000,-999.0,-999.0,-999.0,-999.000,-999.0,-999.000,-999.000,-999.0,-999.000,-999.0,-999.000,-999.000,-999.0,-999.000,-999.0,-999.0,-999.000,-999.000
410500002,114.398,36.089,-999.0,-999.0,-999.0,-999.0,-999.0,-999.0,-999.0,-999.0,-999.0,-999.0,-999.0,-999.0,-999.0,-999.0,-999.0,-999.0,-999.0,-999.000,-999.0,-999.0,-999.0,-999.0,-999.000,-999.0,-999.000,-999.0,-999.0,-999.0,-999.000,-999.0,-999.000,-999.000,-999.0,-999.000,-999.0,-999.000,-999.000,-999.0,-999.000,-999.0,-999.0,-999.000,-999.000
130400002,114.497,36.571,-999.0,-999.0,-999.0,-999.0,-999.0,-999.0,-999.0,-999.0,-999.0,-999.0,-999.0,-999.0,-999.0,-999.0,-999.0,-999.0,-999.0,-999.000,-999.0,-999.0,-999.0,-999.0,-999.000,-999.0,-999.000,-999.0,-999.0,-999.0,-999.000,-999.0,-999.000,-999.000,-999.0,-999.000,-999.0,-999.000,-999.000,-999.0,-999.000,-999.0,-999.0,-999.000,-999.000
370800001,116.623,35.429,-999.0,-999.0,-999.0,-999.0,-999.0,-999.0,-999.0,-999.0,-999.0,-999.0,-999.0,15.27825,7.78208,-999.0,-999.0,-999.0,-999.0,-999.000,-999.0,-999.0,-999.0,-999.0,-999.000,-999.0,-999.000,-999.0,-999.0,-999.0,-999.000,-999.0,-999.000,-999.000,-999.0,-999.000,-999.0,-999.000,-999.000,-999.0,-999.000,-999.0,-999.0,-999.000,-999.000
110000009,116.771,39.628,-999.0,-999.0,-999.0,30.10000,0.25000,200.00000,-999.0,3000.00000,0.14000,0.25000,-999.0,-999.0,-999.0,-999.0,-999.0,-999.0,-999.0,-999.000,-999.0,-999.0,-999.0,-999.0,-999.000,-999.0,-999.000,-999.0,-999.0,-999.0,-999.000,-999.0,-999.000,-999.000,-999.0,-999.000,-999.0,-999.000,-999.000,-999.0,-999.000,-999.0,-999.0,-999.000,-999.000
110000011,115.831,39.542,-999.0,-999.0,4.22470,0.18740,3.72550,0.09640,-999.0,5.13010,0.06870,1.43680,0.33040,-999.0,-999.0,-999.0,-999.0,-999.0,-999.0,-999.000,-999.0,-999.0,-999.0,-999.0,-999.000,-999.0,-999.000,-999.0,-999.0,-999.0,-999.000,-999.0,-999.000,-999.000,-999.0,-999.000,-999.0,-999.000,-999.000,-999.0,-999.000,-999.0,-999.0,-999.000,-999.000
120000001,117.159,39.099,-999.0,-999.0,-999.0,-999.0,-999.0,-999.0,-999.0,-999.0,-999.0,-999.0,-999.0,-999.0,-999.0,-999.0,-999.0,-999.0,-999.0,-999.000,-999.0,-999.0,-999.0,-999.0,-999.000,-999.0,-999.000,-999.0,-999.0,-999.0,-999.000,-999.0,-999.000,-999.000,-999.0,-999.000,-999.0,-999.000,-999.000,-999.0,-999.000,-999.0,-999.0,-999.000,-999.000
131000004,117.006,39.761,-999.0,-999.0,-999.0,-999.0,-999.0,-999.0,-999.0,-999.0,-999.0,-999.0,-999.0,-999.0,-999.0,-999.0,-999.0,-999.0,-999.0,-999.000,-999.0,-999.0,-999.0,-999.0,-999.000,-999.0,-999.000,-999.0,-999.0,-999.0,-999.000,-999.0,-999.000,-999.000,-999.0,-999.000,-999.0,-999.000,-999.000,-999.0,-999.000,-999.0,-999.0,-999.000,-999.000
410900001,115.032,35.763,-999.0,-999.0,-999.0,-999.0,-999.0,-999.0,-999.0,-999.0,-999.0,-999.0,-999.0,-999.0,-999.0,-999.0,-999.0,-999.0,-999.0,-999.000,-999.0,-999.0,-999.0,-999.0,-999.000,-999.0,-999.000,-999.0,-999.0,-999.0,-999.000,-999.0,-999.000,-999.000,-999.0,-999.000,-999.0,-999.000,-999.000,-999.0,-999.000,-999.0,-999.0,-999.000,-999.000
410700002,113.924,35.303,-999.0,-999.0,-999.0,-999.0,-999.0,-999.0,-999.0,-999.0,-999.0,-999.0,-999.0,-999.0,-999.0,-999.0,-999.0,-999.0,-999.0,-999.000,-999.0,-999.0,-999.0,-999.0,-999.000,-999.0,-999.000,-999.0,-999.0,-999.0,-999.000,-999.0,-999.000,-999.000,-999.0,-999.000,-999.0,-999.000,-999.000,-999.0,-999.000,-999.0,-999.0,-999.000,-999.000
130100005,114.480,38.094,-999.0,-999.0,-999.0,-999.0,-999.0,-999.0,-999.0,-999.0,-999.0,-999.0,-999.0,-999.0,-999.0,-999.0,0.04567,-999.0,0.67847,-999.000,-999.0,0.53739,0.02775,-999.0,-999.000,0.00316,-999.000,0.08297,0.89617,0.62869,-999.000,0.01029,-999.000,-999.000,-999.0,-999.000,-999.0,-999.000,-999.000,0.07406,-999.000,0.04344,0.00164,-999.000,-999.000
120000006,117.412,40.055,-999.0,-999.0,-999.0,-999.0,-999.0,-999.0,-999.0,-999.0,-999.0,-999.0,-999.0,14.52300,-999.0,-999.0,-999.0,-999.0,-999.0,-999.000,-999.0,-999.0,-999.0,-999.0,-999.000,-999.0,-999.000,-999.0,-999.0,-999.0,-999.000,-999.0,-999.000,-999.000,-999.0,-999.000,-999.0,-999.000,-999.000,-999.0,-999.000,-999.0,-999.0,-999.000,-999.000
410100002,113.606,34.748,-999.0,-999.0,-999.0,-999.0,-999.0,-999.0,-999.0,-999.0,-999.0,-999.0,-999.0,-999.0,-999.0,-999.0,-999.0,-999.0,-999.0,-999.000,-999.0,-999.0,-999.0,-999.0,-999.000,-999.0,-999.000,-999.0,-999.0,-999.0,-999.000,-999.0,-999.000,-999.000,-999.0,-999.000,-999.0,-999.000,-999.000,-999.0,-999.000,-999.0,-999.0,-999.000,-999.000
130700003,114.895,40.834,-999.0,-999.0,-999.0,-999.0,-999.0,-999.0,-999.0,-999.0,-999.0,-999.0,-999.0,-999.0,-999.0,-999.0,-999.0,-999.0,-999.0,-999.000,-999.0,-999.0,-999.0,-999.0,-999.000,-999.0,-999.000,-999.0,-999.0,-999.0,-999.000,-999.0,-999.000,-999.000,-999.0,-999.000,-999.0,-999.000,-999.000,-999.0,-999.000,-999.0,-999.0,-999.000,-999.000
130500002,114.532,37.086,-999.0,-999.0,-999.0,-999.0,-999.0,-999.0,-999.0,-999.0,-999.0,-999.0,-999.0,-999.0,-999.0,-999.0,-999.0,-999.0,-999.0,-999.000,-999.0,-999.0,-999.0,-999.0,-999.000,-999.0,-999.000,-999.0,-999.0,-999.0,-999.000,-999.0,-999.000,-999.000,-999.0,-999.000,-999.0,-999.000,-999.000,-999.0,-999.000,-999.0,-999.0,-999.000,-999.000
410800001,113.279,35.206,-999.0,-999.0,-999.0,-999.0,-999.0,-999.0,-999.0,-999.0,-999.0,-999.0,-999.0,-999.0,-999.0,-999.0,-999.0,-999.0,-999.0,-999.000,-999.0,-999.0,-999.0,-999.0,-999.000,-999.0,-999.000,-999.0,-999.0,-999.0,-999.000,-999.0,-999.000,-999.000,-999.0,-999.000,-999.0,-999.000,-999.000,-999.0,-999.000,-999.0,-999.0,-999.000,-999.000
130200002,118.193,39.623,-999.0,-999.0,-999.0,-999.0,-999.0,-999.0,-999.0,-999.0,-999.0,-999.0,-999.0,-999.0,-999.0,-999.0,-999.0,-999.0,-999.0,-999.000,-999.0,-999.0,-999.0,-999.0,-999.000,-999.0,-999.000,-999.0,-999.0,-999.0,-999.000,-999.0,-999.000,-999.000,-999.0,-999.000,-999.0,-999.000,-999.000,-999.0,-999.000,-999.0,-999.0,-999.000,-999.000
410500001,114.399,36.089,-999.0,-999.0,-999.0,-999.0,-999.0,-999.0,-999.0,-999.0,-999.0,-999.0,-999.0,-999.0,-999.0,-999.0,-999.0,-999.0,-999.0,-999.000,-999.0,-999.0,-999.0,-999.0,-999.000,-999.0,-999.000,-999.0,-999.0,-999.0,-999.000,-999.0,-999.000,-999.000,-999.0,-999.000,-999.0,-999.000,-999.000,-999.0,-999.000,-999.0,-999.0,-999.000,-999.000
140800001,110.968,35.031,-999.0,-999.0,-999.0,4.39200,11.38000,7.79100,0.02300,0.81400,0.73700,8.53900,0.13900,21.17900,5.35000,-999.0,-999.0,-999.0,-999.0,-999.000,-999.0,-999.0,-999.0,-999.0,-999.000,-999.0,-999.000,-999.0,-999.0,-999.0,-999.000,-999.0,-999.000,-999.000,-999.0,-999.000,-999.0,-999.000,-999.000,-999.0,-999.000,-999.0,-999.0,-999.000,-999.000
371700001,115.522,35.213,-999.0,-999.0,-999.0,-999.0,-999.0,-999.0,-999.0,-999.0,-999.0,-999.0,-999.0,12.84779,3.71971,-999.0,-999.0,-999.0,-999.0,-999.000,-999.0,-999.0,-999.0,-999.0,-999.000,-999.0,-999.000,-999.0,-999.0,-999.0,-999.000,-999.0,-999.000,-999.000,-999.0,-999.000,-999.0,-999.000,-999.000,-999.0,-999.000,-999.0,-999.0,-999.000,-999.000
410100003,113.733,34.772,-999.0,-999.0,-999.0,-999.0,-999.0,-999.0,-999.0,-999.0,-999.0,-999.0,-999.0,-999.0,-999.0,-999.0,-999.0,-999.0,-999.0,-999.000,0.00262,0.68106,-999.0,-999.0,-999.000,-999.0,-999.000,-999.0,-999.0,-999.0,-999.000,-999.0,-999.000,-999.000,-999.0,-999.000,-999.0,-999.000,-999.000,-999.0,-999.000,-999.0,-999.0,-999.000,-999.000
371400002,116.362,37.444,-999.0,-999.0,-999.0,-999.0,-999.0,-999.0,-999.0,-999.0,-999.0,-999.0,-999.0,-999.0,-999.0,-999.0,-999.0,-999.0,-999.0,-999.000,-999.0,-999.0,-999.0,-999.0,-999.000,-999.0,-999.000,-999.0,-999.0,-999.0,-999.000,-999.0,-999.000,-999.000,-999.0,-999.000,-999.0,-999.000,-999.000,-999.0,-999.000,-999.0,-999.0,-999.000,-999.000
1320500001,120.630,31.286,-999.0,-999.0,-999.0,-999.0,-999.0,-999.0,-999.0,-999.0,-999.0,-999.0,-999.0,-999.0,-999.0,-999.0,-999.0,-999.0,-999.0,-999.000,-999.0,-999.0,-999.0,-999.0,-999.000,-999.0,-999.000,-999.0,-999.0,-999.0,-999.000,-999.0,-999.000,-999.000,-999.0,-999.000,-999.0,-999.000,-999.000,-999.0,-999.000,-999.0,-999.0,-999.000,-999.000
110000003,116.322,39.105,-999.0,-999.0,-999.0,-999.0,-999.0,-999.0,-999.0,-999.0,-999.0,-999.0,-999.0,-999.0,-999.0,-999.0,-999.0,-999.0,-999.0,-999.000,-999.0,-999.0,-999.0,-999.0,-999.000,-999.0,-999.000,-999.0,-999.0,-999.0,-999.000,-999.0,-999.000,-999.000,-999.0,-999.000,-999.0,-999.000,-999.000,-999.0,-999.000,-999.0,-999.0,-999.000,-999.000
350100002,119.290,26.110,-999.0,-999.0,-999.0,-999.0,-999.0,-999.0,-999.0,-999.0,-999.0,-999.0,-999.0,-999.0,-999.0,-999.0,-999.0,-999.0,-999.0,-999.000,-999.0,-999.0,-999.0,-999.0,-999.000,-999.0,-999.000,-999.0,-999.0,-999.0,-999.000,-999.0,-999.000,-999.000,-999.0,-999.000,-999.0,-999.000,-999.000,-999.0,-999.000,-999.0,-999.0,-999.000,-999.000
131100002,115.684,37.733,-999.0,-999.0,-999.0,-999.0,-999.0,-999.0,-999.0,-999.0,-999.0,-999.0,-999.0,-999.0,-999.0,-999.0,-999.0,-999.0,-999.0,-999.000,-999.0,-999.0,-999.0,-999.0,-999.000,-999.0,-999.000,-999.0,-999.0,-999.0,-999.000,-999.0,-999.000,-999.000,-999.0,-999.000,-999.0,-999.000,-999.000,-999.0,-999.000,-999.0,-999.0,-999.000,-999.000
130600002,115.481,38.836,-999.0,-999.0,-999.0,-999.0,-999.0,-999.0,-999.0,-999.0,-999.0,-999.0,-999.0,-999.0,-999.0,-999.0,-999.0,-999.0,-999.0,-999.000,-999.0,-999.0,-999.0,-999.0,-999.000,-999.0,-999.000,-999.0,-999.0,-999.0,-999.000,-999.0,-999.000,-999.000,-999.0,-999.000,-999.0,-999.000,-999.000,-999.0,-999.000,-999.0,-999.0,-999.000,-999.000
1320600001,120.948,31.991,-999.0,-999.0,-999.0,-999.0,-999.0,-999.0,-999.0,-999.0,-999.0,-999.0,-999.0,-999.0,-999.0,-999.0,-999.0,-999.0,-999.0,-999.000,-999.0,-999.0,-999.0,-999.0,-999.000,-999.0,-999.000,-999.0,-999.0,-999.0,-999.000,-999.0,-999.000,-999.000,-999.0,-999.000,-999.0,-999.000,-999.000,-999.0,-999.000,-999.0,-999.0,-999.000,-999.000
410600001,114.291,35.722,-999.0,-999.0,-999.0,-999.0,-999.0,-999.0,-999.0,-999.0,-999.0,-999.0,-999.0,-999.0,-999.0,-999.0,-999.0,-999.0,-999.0,-999.000,-999.0,-999.0,-999.0,-999.0,-999.000,-999.0,-999.000,-999.0,-999.0,-999.0,-999.000,-999.0,-999.000,-999.000,-999.0,-999.000,-999.0,-999.000,-999.000,-999.0,-999.000,-999.0,-999.0,-999.000,-999.000
370100002,117.062,36.658,-999.0,-999.0,-999.0,-999.0,-999.0,-999.0,-999.0,-999.0,-999.0,-999.0,-999.0,11.67465,6.05126,-999.0,-999.0,-999.0,1.41418,-999.000,-999.0,-999.0,-999.0,0.07800,-999.000,-999.0,-999.000,-999.0,-999.0,-999.0,-999.000,-999.0,-999.000,-999.000,0.00137,-999.000,-999.0,-999.000,-999.000,-999.0,-999.000,-999.0,-999.0,-999.000,-999.000
130100004,114.536,38.025,-999.0,-999.0,-999.0,-999.0,-999.0,-999.0,-999.0,-999.0,-999.0,-999.0,-999.0,-999.0,-999.0,-999.0,-999.0,-999.0,-999.0,-999.000,-999.0,-999.0,-999.0,-999.0,-999.000,-999.0,-999.000,-999.0,-999.0,-999.0,-999.000,-999.0,-999.000,-999.000,-999.0,-999.000,-999.0,-999.000,-999.000,-999.0,-999.000,-999.0,-999.0,-999.000,-999.000
1340100001,117.196,31.785,-999.0,-999.0,-999.0,-999.0,-999.0,-999.0,-999.0,-999.0,-999.0,-999.0,-999.0,-999.0,-999.0,-999.0,-999.0,-999.0,-999.0,-999.000,-999.0,-999.0,-999.0,-999.0,-999.000,-999.0,-999.000,-999.0,-999.0,-999.0,-999.000,-999.0,-999.000,-999.000,-999.0,-999.000,-999.0,-999.000,-999.000,-999.0,-999.000,-999.0,-999.0,-999.000,-999.000
371600001,118.006,37.380,-999.0,-999.0,-999.0,-999.0,-999.0,-999.0,-999.0,-999.0,-999.0,-999.0,-999.0,20.99975,5.52008,-999.0,-999.0,-999.0,-999.0,-999.000,-999.0,-999.0,-999.0,-999.0,-999.000,-999.0,-999.000,-999.0,-999.0,-999.0,-999.000,-999.0,-999.000,-999.000,-999.0,-999.000,-999.0,-999.000,-999.000,-999.0,-999.000,-999.0,-999.0,-999.000,-999.000
110000001,116.415,40.041,-999.0,-999.0,-999.0,-999.0,-999.0,-999.0,-999.0,-999.0,-999.0,-999.0,-999.0,-999.0,-999.0,-999.0,-999.0,-999.0,-999.0,-999.000,-999.0,-999.0,-999.0,-999.0,-999.000,-999.0,-999.000,-999.0,-999.0,-999.0,-999.000,-999.0,-999.000,-999.000,-999.0,-999.000,-999.0,-999.000,-999.000,-999.0,-999.000,-999.0,-999.0,-999.000,-999.000
110000012,116.426,40.048,148.05000,94.20000,-999.0,2.56000,10.21000,15.20000,-999.0,0.12000,0.77200,4.76000,0.03000,-999.0,-999.0,0.00769,-999.0,-999.0,-999.0,-999.000,-999.0,-999.0,-999.0,-999.0,-999.000,-999.0,-999.000,-999.0,-999.0,-999.0,-999.000,-999.0,-999.000,-999.000,-999.0,-999.000,0.00096,-999.000,-999.000,-999.0,-999.000,-999.0,-999.0,-999.000,-999.000
1306000001,116.034,39.492,-999.0,-999.0,-999.0,-999.0,-999.0,-999.0,-999.0,-999.0,-999.0,-999.0,-999.0,-999.0,-999.0,-999.0,-999.0,-999.0,-999.0,-999.000,-999.0,-999.0,-999.0,-999.0,-999.000,-999.0,-999.000,-999.0,-999.0,-999.0,-999.000,-999.0,-999.000,-999.000,-999.0,-999.000,-999.0,-999.000,-999.000,-999.0,-999.000,-999.0,-999.0,-999.000,-999.000
1307000001,114.898,40.837,-999.0,-999.0,-999.0,-999.0,-999.0,-999.0,-999.0,-999.0,-999.0,-999.0,-999.0,-999.0,-999.0,-999.0,-999.0,-999.0,-999.0,-999.000,-999.0,-999.0,-999.0,-999.0,-999.000,-999.0,-999.000,-999.0,-999.0,-999.0,-999.000,-999.0,-999.000,-999.000,-999.0,-999.000,-999.0,-999.000,-999.000,-999.0,-999.000,-999.0,-999.0,-999.000,-999.000
1311000001,115.694,37.808,-999.0,-999.0,-999.0,-999.0,-999.0,-999.0,-999.0,-999.0,-999.0,-999.0,-999.0,-999.0,-999.0,-999.0,-999.0,-999.0,-999.0,-999.000,-999.0,-999.0,-999.0,-999.0,-999.000,-999.0,-999.000,-999.0,-999.0,-999.0,-999.000,-999.0,-999.000,-999.000,-999.0,-999.000,-999.0,-999.000,-999.000,-999.0,-999.000,-999.0,-999.0,-999.000,-999.000
3701000001,117.610,36.720,-999.0,-999.0,-999.0,-999.0,-999.0,-999.0,-999.0,-999.0,-999.0,-999.0,-999.0,-999.0,-999.0,-999.0,-999.0,-999.0,-999.0,-999.000,-999.0,-999.0,-999.0,-999.0,-999.000,-999.0,-999.000,-999.0,-999.0,-999.0,-999.000,-999.0,-999.000,-999.000,-999.0,-999.000,-999.0,-999.000,-999.000,-999.0,-999.000,-999.0,-999.0,-999.000,-999.000
1200000004,117.850,39.494,-999.0,-999.0,-999.0,-999.0,-999.0,-999.0,-999.0,-999.0,-999.0,-999.0,-999.0,-999.0,-999.0,-999.0,-999.0,-999.0,-999.0,-999.000,-999.0,-999.0,-999.0,-999.0,-999.000,-999.0,-999.000,-999.0,-999.0,-999.0,-999.000,-999.0,-999.000,-999.000,-999.0,-999.000,-999.0,-999.000,-999.000,-999.0,-999.000,-999.0,-999.0,-999.000,-999.000
120000003,117.223,39.173,-999.0,-999.0,-999.0,-999.0,-999.0,-999.0,-999.0,-999.0,-999.0,12.05300,-999.0,-999.0,-999.0,-999.0,-999.0,-999.0,-999.0,-999.000,-999.0,-999.0,-999.0,-999.0,-999.000,-999.0,-999.000,-999.0,-999.0,-999.0,-999.000,-999.0,-999.000,-999.000,-999.0,-999.000,-999.0,-999.000,-999.000,-999.0,-999.000,-999.0,-999.0,-999.000,-999.000
140100001,112.547,37.874,-999.0,-999.0,-999.0,-999.0,-999.0,-999.0,-999.0,-999.0,-999.0,-999.0,-999.0,-999.0,-999.0,-999.0,-999.0,-999.0,-999.0,-999.000,-999.0,-999.0,-999.0,-999.0,-999.000,-999.0,-999.000,-999.0,-999.0,-999.0,-999.000,-999.0,-999.000,-999.000,-999.0,-999.000,-999.0,-999.000,-999.000,-999.0,-999.000,-999.0,-999.0,-999.000,-999.000
