stationcode,longitude,latitude,PM10,PM25,F-,Cl-,NO3-,SO42-,Ca2+,Na+,K+,NH4+,Mg2+,OC,EC,Hg,Br,As,Si,Te,V,Ca,Ti,Ba,Sc,Pd,Co,Mo,K,Fe,TI,Al,Cs,Ag,Sb,Sn,Mn,Ga,Pb,Se,Cr,Cd,Zn,Cu,Ni
110000006,116.041,39.597,-999.0,-999.0,-999.0,-999.0,-999.0,-999.0,-999.0,-999.0,-999.0,-999.0,-999.0,-999.0,-999.0,-999.0,-999.0,-999.0,-999.0,-999.000,-999.000,-999.0,-999.0,-999.0,-999.0,-999.0,-999.000,-999.0,-999.0,-999.0,-999.0,-999.000,-999.0,-999.000,-999.0,-999.0,-999.0,-999.0,-999.000,-999.000,-999.000,-999.000,-999.000,-999.000,-999.000
371500001,115.974,36.493,-999.0,-999.0,-999.0,-999.0,-999.0,-999.0,-999.0,-999.0,-999.0,-999.0,-999.0,13.44629,5.64038,-999.0,-999.0,-999.0,-999.0,-999.000,-999.000,-999.0,-999.0,-999.0,-999.0,-999.0,-999.000,-999.0,-999.0,-999.0,-999.0,-999.000,-999.0,-999.000,-999.0,-999.0,-999.0,-999.0,-999.000,-999.000,-999.000,-999.000,-999.000,-999.000,-999.000
150100001,111.752,40.841,-999.0,-999.0,-999.0,-999.0,-999.0,-999.0,-999.0,-999.0,-999.0,-999.0,-999.0,-999.0,-999.0,-999.0,-999.0,-999.0,-999.0,-999.000,-999.000,-999.0,-999.0,-999.0,-999.0,-999.0,-999.000,-999.0,-999.0,-999.0,-999.0,-999.000,-999.0,-999.000,-999.0,-999.0,-999.0,-999.0,-999.000,-999.000,-999.000,-999.000,-999.000,-999.000,-999.000
1320100001,118.754,32.055,-999.0,-999.0,-999.0,-999.0,-999.0,-999.0,-999.0,-999.0,-999.0,-999.0,-999.0,-999.0,-999.0,-999.0,-999.0,-999.0,-999.0,-999.000,-999.000,-999.0,-999.0,-999.0,-999.0,-999.0,-999.000,-999.0,-999.0,-999.0,-999.0,-999.000,-999.0,-999.000,-999.0,-999.0,-999.0,-999.0,-999.000,-999.000,-999.000,-999.000,-999.000,-999.000,-999.000
410200001,114.331,34.761,-999.0,-999.0,-999.0,-999.0,-999.0,-999.0,-999.0,-999.0,-999.0,-999.0,-999.0,-999.0,-999.0,-999.0,-999.0,-999.0,-999.0,-999.000,-999.000,-999.0,-999.0,-999.0,-999.0,-999.0,-999.000,-999.0,-999.0,-999.0,-999.0,-999.000,-999.0,-999.000,-999.0,-999.0,-999.0,-999.0,-999.000,-999.000,-999.000,-999.000,-999.000,-999.000,-999.000
140100002,112.482,37.719,-999.0,-999.0,-999.0,-999.0,-999.0,-999.0,-999.0,-999.0,-999.0,-999.0,-999.0,-999.0,-999.0,-999.0,0.02008,-999.0,1.07238,-999.000,-999.000,0.93291,-999.0,-999.0,-999.0,0.03843,-999.000,0.03752,-999.0,-999.0,0.01415,-999.000,0.00334,-999.000,0.23865,0.21699,-999.0,0.00289,-999.000,-999.000,-999.000,-999.000,-999.000,-999.000,-999.000
340100001,117.117,31.470,-999.0,-999.0,-999.0,-999.0,-999.0,-999.0,-999.0,-999.0,-999.0,-999.0,-999.0,-999.0,-999.0,-999.0,-999.0,-999.0,-999.0,-999.000,-999.000,-999.0,-999.0,-999.0,-999.0,-999.0,-999.000,-999.0,-999.0,-999.0,-999.0,-999.000,-999.0,-999.000,-999.0,-999.0,-999.0,-999.0,-999.000,-999.000,-999.000,-999.000,-999.000,-999.000,-999.000
410300001,112.419,34.613,-999.0,-999.0,0.07900,3.10900,20.22500,4.20500,1.35700,0.72700,0.41300,6.67800,0.15300,9.32800,1.12600,-999.0,-999.0,-999.0,-999.0,-999.000,-999.000,-999.0,-999.0,-999.0,-999.0,-999.0,-999.000,-999.0,-999.0,-999.0,-999.0,-999.000,-999.0,-999.000,-999.0,-999.0,-999.0,-999.0,-999.000,-999.000,-999.000,-999.000,-999.000,-999.000,-999.000
610100002,108.935,34.347,-999.0,-999.0,0.96000,5.61100,40.81800,10.09600,0.68600,0.77900,0.31700,19.28800,0.09700,20.94900,5.27200,-999.0,-999.0,-999.0,-999.0,-999.000,-999.000,-999.0,-999.0,-999.0,-999.0,-999.0,-999.000,-999.0,-999.0,-999.0,-999.0,-999.000,-999.0,-999.000,-999.0,-999.0,-999.0,-999.0,-999.000,-999.000,-999.000,-999.000,-999.000,-999.000,-999.000
1320300001,117.256,34.215,-999.0,-999.0,-999.0,-999.0,-999.0,-999.0,-999.0,-999.0,-999.0,-999.0,-999.0,-999.0,-999.0,-999.0,-999.0,-999.0,-999.0,-999.000,-999.000,-999.0,-999.0,-999.0,-999.0,-999.0,-999.000,-999.0,-999.0,-999.0,-999.0,-999.000,-999.0,-999.000,-999.0,-999.0,-999.0,-999.0,-999.000,-999.000,-999.000,-999.000,-999.000,-999.000,-999.000
130600003,115.482,38.926,-999.0,-999.0,-999.0,-999.0,-999.0,-999.0,-999.0,-999.0,-999.0,-999.0,-999.0,-999.0,-999.0,-999.0,-999.0,-999.0,-999.0,-999.000,-999.000,-999.0,-999.0,-999.0,-999.0,-999.0,-999.000,-999.0,-999.0,-999.0,-999.0,-999.000,-999.0,-999.000,-999.0,-999.0,-999.0,-999.0,-999.000,-999.000,-999.000,-999.000,-999.000,-999.000,-999.000
130500001,114.482,37.066,-999.0,-999.0,-999.0,-999.0,-999.0,-999.0,-999.0,-999.0,-999.0,-999.0,-999.0,-999.0,-999.0,-999.0,-999.0,-999.0,-999.0,-999.000,-999.000,-999.0,-999.0,-999.0,-999.0,-999.0,-999.000,-999.0,-999.0,-999.0,-999.0,-999.000,-999.0,-999.000,-999.0,-999.0,-999.0,-999.0,-999.000,-999.000,-999.000,-999.000,-999.000,-999.000,-999.000
110000005,116.326,39.521,-999.0,-999.0,-999.0,-999.0,-999.0,-999.0,-999.0,-999.0,-999.0,-999.0,-999.0,-999.0,-999.0,-999.0,-999.0,-999.0,-999.0,-999.000,-999.000,-999.0,-999.0,-999.0,-999.0,-999.0,-999.000,-999.0,-999.0,-999.0,-999.0,-999.000,-999.0,-999.000,-999.0,-999.0,-999.0,-999.0,-999.000,-999.000,-999.000,-999.000,-999.000,-999.000,-999.000
1640100001,106.225,38.489,-999.0,-999.0,-999.0,-999.0,-999.0,-999.0,-999.0,-999.0,-999.0,-999.0,-999.0,-999.0,-999.0,-999.0,-999.0,-999.0,-999.0,-999.000,-999.000,-999.0,-999.0,-999.0,-999.0,-999.0,-999.000,-999.0,-999.0,-999.0,-999.0,-999.000,-999.0,-999.000,-999.0,-999.0,-999.0,-999.0,-999.000,-999.000,-999.000,-999.000,-999.000,-999.000,-999.000
130700002,114.904,40.769,-999.0,-999.0,-999.0,-999.0,-999.0,-999.0,-999.0,-999.0,-999.0,-999.0,-999.0,-999.0,-999.0,-999.0,-999.0,-999.0,-999.0,-999.000,-999.000,-999.0,-999.0,-999.0,-999.0,-999.0,-999.000,-999.0,-999.0,-999.0,-999.0,-999.000,-999.0,-999.000,-999.0,-999.0,-999.0,-999.0,-999.000,-999.000,-999.000,-999.000,-999.000,-999.000,-999.000
141000001,111.526,36.063,-999.0,-999.0,0.05200,16.80100,32.30000,17.33800,2.02400,2.08100,3.91200,26.73200,0.19200,66.44700,21.17400,-999.0,-999.0,-999.0,-999.0,-999.000,-999.000,-999.0,-999.0,-999.0,-999.0,-999.0,-999.000,-999.0,-999.0,-999.0,-999.0,-999.000,-999.0,-999.000,-999.0,-999.0,-999.0,-999.0,-999.000,-999.000,-999.000,-999.000,-999.000,-999.000,-999.000
1411200001,111.278,34.716,-999.0,-999.0,-999.0,-999.0,-999.0,-999.0,-999.0,-999.0,-999.0,-999.0,-999.0,-999.0,-999.0,-999.0,-999.0,-999.0,-999.0,-999.000,-999.000,-999.0,-999.0,-999.0,-999.0,-999.0,-999.000,-999.0,-999.0,-999.0,-999.0,-999.000,-999.0,-999.000,-999.0,-999.0,-999.0,-999.0,-999.000,-999.000,-999.000,-999.000,-999.000,-999.000,-999.000
130300002,119.584,39.955,-999.0,-999.0,-999.0,-999.0,11.08000,-999.0,-999.0,-999.0,-999.0,-999.0,-999.0,-999.0,-999.0,-999.0,-999.0,-999.0,-999.0,-999.000,-999.000,-999.0,-999.0,-999.0,-999.0,-999.0,-999.000,-999.0,-999.0,-999.0,-999.0,-999.000,-999.0,-999.000,-999.0,-999.0,-999.0,-999.0,-999.000,-999.000,-999.000,-999.000,-999.000,-999.000,-999.000
140500001,112.857,35.488,-999.0,-999.0,-999.0,-999.0,-999.0,-999.0,-999.0,-999.0,-999.0,-999.0,-999.0,-999.0,-999.0,-999.0,-999.0,-999.0,-999.0,-999.000,-999.000,-999.0,-999.0,-999.0,-999.0,-999.0,-999.000,-999.0,-999.0,-999.0,-999.0,-999.000,-999.0,-999.000,-999.0,-999.0,-999.0,-999.0,-999.000,-999.000,-999.000,-999.000,-999.000,-999.000,-999.000
140300001,113.589,37.848,-999.0,-999.0,-999.0,-999.0,-999.0,-999.0,-999.0,-999.0,-999.0,-999.0,-999.0,-999.0,-999.0,-999.0,-999.0,-999.0,-999.0,-999.000,-999.000,-999.0,-999.0,-999.0,-999.0,-999.0,-999.000,-999.0,-999.0,-999.0,-999.0,-999.000,-999.0,-999.000,-999.0,-999.0,-999.0,-999.0,-999.000,-999.000,-999.000,-999.000,-999.000,-999.000,-999.000
120000005,117.042,39.384,-999.0,-999.0,-999.0,-999.0,-999.0,-999.0,-999.0,-999.0,-999.0,-999.0,-999.0,-999.0,-999.0,-999.0,-999.0,-999.0,-999.0,-999.000,-999.000,-999.0,-999.0,-999.0,-999.0,-999.0,-999.000,-999.0,-999.0,-999.0,-999.0,-999.000,-999.0,-999.000,-999.0,-999.0,-999.0,-999.0,-999.000,-999.000,-999.000,-999.000,-999.000,-999.000,-999.000
320100001,118.762,32.066,-999.0,-999.0,-999.0,-999.0,-999.0,-999.0,-999.0,-999.0,-999.0,-999.0,-999.0,-999.0,-999.0,-999.0,-999.0,-999.0,-999.0,-999.000,-999.000,-999.0,-999.0,-999.0,-999.0,-999.0,-999.000,-999.0,-999.0,-999.0,-999.0,-999.000,-999.0,-999.000,-999.0,-999.0,-999.0,-999.0,-999.000,-999.000,-999.000,-999.000,-999.000,-999.000,-999.000
370100001,117.171,36.669,-999.0,-999.0,-999.0,-999.0,-999.0,-999.0,-999.0,-999.0,-999.0,-999.0,-999.0,-999.0,-999.0,-999.0,-999.0,-999.0,-999.0,-999.000,-999.000,-999.0,-999.0,-999.0,-999.0,-999.0,-999.000,-999.0,-999.0,-999.0,-999.0,-999.000,-999.0,-999.000,-999.0,-999.0,-999.0,-999.0,-999.000,-999.000,-999.000,-999.000,-999.000,-999.000,-999.000
110000016,116.732,40.203,-999.0,-999.0,-999.0,-999.0,-999.0,-999.0,-999.0,-999.0,-999.0,-999.0,-999.0,-999.0,-999.0,-999.0,-999.0,-999.0,-999.0,-999.000,-999.000,-999.0,-999.0,-999.0,-999.0,-999.0,-999.000,-999.0,-999.0,-999.0,-999.0,-999.000,-999.0,-999.000,-999.0,-999.0,-999.0,-999.0,-999.000,-999.000,-999.000,-999.000,-999.000,-999.000,-999.000
120000004,117.283,39.683,-999.0,-999.0,0.89200,0.25400,-999.0,-999.0,-999.0,-999.0,-999.0,-999.0,0.05100,-999.0,-999.0,-999.0,-999.0,-999.0,-999.0,-999.000,-999.000,-999.0,-999.0,-999.0,-999.0,-999.0,-999.000,-999.0,-999.0,-999.0,-999.0,-999.000,-999.0,-999.000,-999.0,-999.0,-999.0,-999.0,-999.000,-999.000,-999.000,-999.000,-999.000,-999.000,-999.000
370300001,117.983,36.835,-999.0,-999.0,-999.0,-999.0,-999.0,-999.0,-999.0,-999.0,-999.0,-999.0,-999.0,13.52092,2.77921,-999.0,-999.0,-999.0,-999.0,-999.000,-999.000,-999.0,-999.0,-999.0,-999.0,-999.0,-999.000,-999.0,-999.0,-999.0,-999.0,-999.000,-999.0,-999.000,-999.0,-999.0,-999.0,-999.0,-999.000,-999.000,-999.000,-999.000,-999.000,-999.000,-999.000
130600004,115.946,38.945,-999.0,-999.0,-999.0,-999.0,-999.0,-999.0,-999.0,-999.0,-999.0,-999.0,-999.0,-999.0,-999.0,-999.0,-999.0,-999.0,0.75547,-999.000,-999.000,-999.0,-999.0,-999.0,0.02847,-999.0,-999.000,0.06424,-999.0,-999.0,-999.0,-999.000,-999.0,-999.000,-999.0,-999.0,-999.0,0.00878,-999.000,-999.000,-999.000,-999.000,-999.000,-999.000,-999.000
140400001,113.110,36.199,-999.0,-999.0,-999.0,-999.0,-999.0,-999.0,-999.0,-999.0,-999.0,-999.0,-999.0,-999.0,-999.0,-999.0,-999.0,-999.0,-999.0,-999.000,-999.000,-999.0,-999.0,-999.0,-999.0,-999.0,-999.000,-999.0,-999.0,-999.0,-999.0,-999.000,-999.0,-999.000,-999.0,-999.0,-999.0,-999.0,-999.000,-999.000,-999.000,-999.000,-999.000,-999.000,-999.000
430100001,113.090,28.204,-999.0,-999.0,-999.0,-999.0,-999.0,-999.0,-999.0,-999.0,-999.0,-999.0,-999.0,-999.0,-999.0,-999.0,-999.0,-999.0,-999.0,-999.000,-999.000,-999.0,-999.0,-999.0,-999.0,-999.0,-999.000,-999.0,-999.0,-999.0,-999.0,-999.000,-999.0,-999.000,-999.0,-999.0,-999.0,-999.0,-999.000,-999.000,-999.000,-999.000,-999.000,-999.000,-999.000
131000005,116.702,39.545,-999.0,-999.0,-999.0,-999.0,-999.0,1.01800,-999.0,-999.0,-999.0,-999.0,-999.0,-999.0,-999.0,-999.0,-999.0,-999.0,-999.0,-999.000,-999.000,-999.0,-999.0,-999.0,-999.0,-999.0,-999.000,-999.0,-999.0,-999.0,-999.0,-999.000,-999.0,-999.000,-999.0,-999.0,-999.0,-999.0,-999.000,-999.000,-999.000,-999.000,-999.000,-999.000,-999.000
110000004,116.424,40.049,-999.0,-999.0,-999.0,-999.0,-999.0,-999.0,-999.0,-999.0,-999.0,-999.0,-999.0,-999.0,-999.0,-999.0,-999.0,-999.0,-999.0,-999.000,-999.000,-999.0,-999.0,-999.0,-999.0,-999.0,-999.000,-999.0,-999.0,-999.0,-999.0,-999.000,-999.0,-999.000,-999.0,-999.0,-999.0,-999.0,-999.000,-999.000,-999.000,-999.000,-999.000,-999.000,-999.000
130900003,116.839,38.304,-999.0,-999.0,-999.0,-999.0,-999.0,-999.0,-999.0,-999.0,-999.0,-999.0,-999.0,-999.0,-999.0,-999.0,-999.0,-999.0,-999.0,-999.000,-999.000,-999.0,-999.0,-999.0,-999.0,-999.0,-999.000,-999.0,-999.0,-999.0,-999.0,-999.000,-999.0,-999.000,-999.0,-999.0,-999.0,-999.0,-999.000,-999.000,-999.000,-999.000,-999.000,-999.000,-999.000
371400003,115.823,36.952,-999.0,-999.0,-999.0,-999.0,-999.0,-999.0,-999.0,-999.0,-999.0,-999.0,-999.0,38.50026,6.94257,-999.0,-999.0,-999.0,-999.0,-999.000,-999.000,-999.0,-999.0,-999.0,-999.0,-999.0,-999.000,-999.0,-999.0,-999.0,-999.0,-999.000,-999.0,-999.000,-999.0,-999.0,-999.0,-999.0,-999.000,-999.000,-999.000,-999.000,-999.000,-999.000,-999.000
130300001,119.622,39.912,-999.0,-999.0,-999.0,-999.0,-999.0,-999.0,-999.0,-999.0,-999.0,-999.0,-999.0,-999.0,-999.0,-999.0,-999.0,-999.0,-999.0,-999.000,-999.000,-999.0,-999.0,-999.0,-999.0,-999.0,-999.000,-999.0,-999.0,-999.0,-999.0,-999.000,-999.0,-999.000,-999.0,-999.0,-999.0,-999.0,-999.000,-999.000,-999.000,-999.000,-999.000,-999.000,-999.000
131000003,116.709,39.551,-999.0,-999.0,-999.0,-999.0,-999.0,-999.0,-999.0,-999.0,-999.0,-999.0,-999.0,-999.0,-999.0,-999.0,-999.0,-999.0,-999.0,-999.000,-999.000,-999.0,-999.0,-999.0,-999.0,-999.0,-999.000,-999.0,-999.0,-999.0,-999.0,-999.000,-999.0,-999.000,-999.0,-999.0,-999.0,-999.0,-999.000,-999.000,-999.000,-999.000,-999.000,-999.000,-999.000
1320200001,120.317,31.513,-999.0,-999.0,-999.0,-999.0,-999.0,-999.0,-999.0,-999.0,-999.0,-999.0,-999.0,-999.0,-999.0,-999.0,-999.0,-999.0,-999.0,-999.000,-999.000,-999.0,-999.0,-999.0,-999.0,-999.0,-999.000,-999.0,-999.0,-999.0,-999.0,-999.000,-999.0,-999.000,-999.0,-999.0,-999.0,-999.0,-999.000,-999.000,-999.000,-999.000,-999.000,-999.000,-999.000
110000010,116.266,39.499,-999.0,-999.0,-999.0,-999.0,-999.0,-999.0,-999.0,-999.0,-999.0,-999.0,-999.0,-999.0,-999.0,-999.0,-999.0,-999.0,-999.0,-999.000,-999.000,-999.0,-999.0,-999.0,-999.0,-999.0,-999.000,-999.0,-999.0,-999.0,-999.0,-999.000,-999.0,-999.000,-999.0,-999.0,-999.0,-999.0,-999.000,-999.000,-999.000,-999.000,-999.000,-999.000,-999.000
130200001,118.130,39.634,-999.0,-999.0,-999.0,-999.0,-999.0,-999.0,-999.0,-999.0,-999.0,-999.0,-999.0,-999.0,-999.0,-999.0,-999.0,-999.0,-999.0,-999.000,-999.000,-999.0,-999.0,-999.0,-999.0,-999.0,-999.000,-999.0,-999.0,-999.0,-999.0,-999.000,-999.0,-999.000,-999.0,-999.0,-999.0,-999.0,-999.000,-999.000,-999.000,-999.000,-999.000,-999.000,-999.000
110000002,116.342,39.727,-999.0,-999.0,-999.0,-999.0,-999.0,-999.0,-999.0,-999.0,-999.0,-999.0,-999.0,-999.0,-999.0,-999.0,-999.0,-999.0,-999.0,-999.000,-999.000,-999.0,-999.0,-999.0,-999.0,-999.0,-999.000,-999.0,-999.0,-999.0,-999.0,-999.000,-999.0,-999.000,-999.0,-999.0,-999.0,-999.0,-999.000,-999.000,-999.000,-999.000,-999.000,-999.000,-999.000
131100003,115.678,37.732,-999.0,-999.0,-999.0,-999.0,-999.0,-999.0,-999.0,-999.0,-999.0,-999.0,-999.0,-999.0,-999.0,-999.0,-999.0,-999.0,-999.0,-999.000,-999.000,-999.0,-999.0,-999.0,-999.0,-999.0,-999.000,-999.0,-999.0,-999.0,-999.0,-999.000,-999.0,-999.000,-999.0,-999.0,-999.0,-999.0,-999.000,-999.000,-999.000,-999.000,-999.000,-999.000,-999.000
110000008,116.684,39.542,-999.0,-999.0,-999.0,-999.0,-999.0,-999.0,-999.0,-999.0,-999.0,-999.0,-999.0,-999.0,-999.0,-999.0,-999.0,-999.0,-999.0,-999.000,-999.000,-999.0,-999.0,-999.0,-999.0,-999.0,-999.000,-999.0,-999.0,-999.0,-999.0,-999.000,-999.0,-999.000,-999.0,-999.0,-999.0,-999.0,-999.000,-999.000,-999.000,-999.000,-999.000,-999.000,-999.000
410500002,114.398,36.089,-999.0,-999.0,-999.0,-999.0,-999.0,-999.0,-999.0,-999.0,-999.0,-999.0,-999.0,-999.0,-999.0,-999.0,-999.0,-999.0,-999.0,-999.000,-999.000,-999.0,-999.0,-999.0,-999.0,-999.0,-999.000,-999.0,-999.0,-999.0,-999.0,-999.000,-999.0,-999.000,-999.0,-999.0,-999.0,-999.0,-999.000,-999.000,-999.000,-999.000,-999.000,-999.000,-999.000
130400002,114.497,36.571,-999.0,-999.0,-999.0,-999.0,-999.0,-999.0,-999.0,-999.0,-999.0,-999.0,-999.0,-999.0,-999.0,-999.0,-999.0,-999.0,-999.0,-999.000,-999.000,-999.0,-999.0,-999.0,-999.0,-999.0,-999.000,-999.0,-999.0,-999.0,-999.0,-999.000,-999.0,-999.000,-999.0,-999.0,-999.0,-999.0,-999.000,-999.000,-999.000,-999.000,-999.000,-999.000,-999.000
370800001,116.623,35.429,-999.0,-999.0,-999.0,-999.0,-999.0,-999.0,-999.0,-999.0,-999.0,-999.0,-999.0,8.25762,2.14112,-999.0,-999.0,-999.0,-999.0,-999.000,-999.000,-999.0,-999.0,-999.0,-999.0,-999.0,-999.000,-999.0,-999.0,-999.0,-999.0,-999.000,-999.0,-999.000,-999.0,-999.0,-999.0,-999.0,-999.000,-999.000,-999.000,-999.000,-999.000,-999.000,-999.000
110000009,116.771,39.628,-999.0,-999.0,-999.0,-999.0,-999.0,-999.0,-999.0,-999.0,-999.0,-999.0,-999.0,-999.0,-999.0,-999.0,-999.0,-999.0,-999.0,-999.000,-999.000,-999.0,-999.0,-999.0,-999.0,-999.0,-999.000,-999.0,-999.0,-999.0,-999.0,-999.000,-999.0,-999.000,-999.0,-999.0,-999.0,-999.0,-999.000,-999.000,-999.000,-999.000,-999.000,-999.000,-999.000
110000011,115.831,39.542,-999.0,-999.0,-999.0,-999.0,-999.0,-999.0,-999.0,-999.0,-999.0,-999.0,-999.0,-999.0,-999.0,-999.0,-999.0,-999.0,-999.0,-999.000,-999.000,-999.0,-999.0,-999.0,-999.0,-999.0,-999.000,-999.0,-999.0,-999.0,-999.0,-999.000,-999.0,-999.000,-999.0,-999.0,-999.0,-999.0,-999.000,-999.000,-999.000,-999.000,-999.000,-999.000,-999.000
120000001,117.159,39.099,-999.0,-999.0,-999.0,-999.0,-999.0,-999.0,-999.0,-999.0,-999.0,-999.0,-999.0,-999.0,-999.0,-999.0,-999.0,-999.0,-999.0,-999.000,-999.000,-999.0,-999.0,-999.0,-999.0,-999.0,-999.000,-999.0,-999.0,-999.0,-999.0,-999.000,-999.0,-999.000,-999.0,-999.0,-999.0,-999.0,-999.000,-999.000,-999.000,-999.000,-999.000,-999.000,-999.000
131000004,117.006,39.761,-999.0,-999.0,-999.0,-999.0,-999.0,-999.0,-999.0,-999.0,-999.0,-999.0,-999.0,-999.0,-999.0,-999.0,-999.0,-999.0,-999.0,-999.000,-999.000,-999.0,-999.0,-999.0,-999.0,-999.0,-999.000,-999.0,-999.0,-999.0,-999.0,-999.000,-999.0,-999.000,-999.0,-999.0,-999.0,-999.0,-999.000,-999.000,-999.000,-999.000,-999.000,-999.000,-999.000
410900001,115.032,35.763,-999.0,-999.0,-999.0,-999.0,-999.0,-999.0,-999.0,-999.0,-999.0,-999.0,-999.0,-999.0,-999.0,-999.0,-999.0,-999.0,-999.0,-999.000,-999.000,-999.0,-999.0,-999.0,-999.0,-999.0,-999.000,-999.0,-999.0,-999.0,-999.0,-999.000,-999.0,-999.000,-999.0,-999.0,-999.0,-999.0,-999.000,-999.000,-999.000,-999.000,-999.000,-999.000,-999.000
410700002,113.924,35.303,-999.0,-999.0,-999.0,-999.0,-999.0,-999.0,-999.0,-999.0,-999.0,-999.0,-999.0,-999.0,-999.0,-999.0,-999.0,-999.0,-999.0,-999.000,-999.000,-999.0,-999.0,-999.0,-999.0,-999.0,-999.000,-999.0,-999.0,-999.0,-999.0,-999.000,-999.0,-999.000,-999.0,-999.0,-999.0,-999.0,-999.000,-999.000,-999.000,-999.000,-999.000,-999.000,-999.000
130100005,114.480,38.094,-999.0,-999.0,-999.0,-999.0,-999.0,-999.0,-999.0,-999.0,-999.0,-999.0,-999.0,-999.0,-999.0,-999.0,-999.0,-999.0,-999.0,-999.000,-999.000,-999.0,-999.0,-999.0,-999.0,-999.0,-999.000,-999.0,-999.0,-999.0,-999.0,-999.000,-999.0,-999.000,-999.0,-999.0,-999.0,-999.0,-999.000,-999.000,-999.000,-999.000,-999.000,-999.000,-999.000
120000006,117.412,40.055,-999.0,-999.0,-999.0,-999.0,-999.0,-999.0,-999.0,-999.0,-999.0,-999.0,-999.0,-999.0,-999.0,-999.0,-999.0,-999.0,-999.0,-999.000,-999.000,-999.0,-999.0,-999.0,-999.0,-999.0,-999.000,-999.0,-999.0,-999.0,-999.0,-999.000,-999.0,-999.000,-999.0,-999.0,-999.0,-999.0,-999.000,-999.000,-999.000,-999.000,-999.000,-999.000,-999.000
410100002,113.606,34.748,-999.0,-999.0,-999.0,-999.0,-999.0,-999.0,-999.0,-999.0,-999.0,-999.0,-999.0,-999.0,-999.0,-999.0,-999.0,-999.0,-999.0,-999.000,-999.000,-999.0,-999.0,-999.0,-999.0,-999.0,-999.000,-999.0,-999.0,-999.0,-999.0,-999.000,-999.0,-999.000,-999.0,-999.0,-999.0,-999.0,-999.000,-999.000,-999.000,-999.000,-999.000,-999.000,-999.000
130700003,114.895,40.834,-999.0,-999.0,-999.0,-999.0,4.66300,1.80000,-999.0,-999.0,0.07800,-999.0,-999.0,3.14600,-999.0,-999.0,-999.0,-999.0,-999.0,-999.000,-999.000,-999.0,-999.0,-999.0,-999.0,-999.0,-999.000,-999.0,-999.0,-999.0,-999.0,-999.000,-999.0,-999.000,-999.0,-999.0,-999.0,-999.0,-999.000,-999.000,-999.000,-999.000,-999.000,-999.000,-999.000
130500002,114.532,37.086,-999.0,-999.0,-999.0,5.90200,-999.0,-999.0,-999.0,-999.0,-999.0,-999.0,-999.0,-999.0,-999.0,-999.0,-999.0,-999.0,-999.0,-999.000,-999.000,-999.0,-999.0,-999.0,-999.0,-999.0,-999.000,-999.0,-999.0,-999.0,-999.0,-999.000,-999.0,-999.000,-999.0,-999.0,-999.0,-999.0,-999.000,-999.000,-999.000,-999.000,-999.000,-999.000,-999.000
410800001,113.279,35.206,-999.0,-999.0,-999.0,-999.0,-999.0,-999.0,-999.0,-999.0,-999.0,-999.0,-999.0,-999.0,4.65400,-999.0,-999.0,-999.0,-999.0,-999.000,-999.000,-999.0,-999.0,-999.0,-999.0,-999.0,-999.000,-999.0,-999.0,-999.0,-999.0,-999.000,-999.0,-999.000,-999.0,-999.0,-999.0,-999.0,-999.000,-999.000,-999.000,-999.000,-999.000,-999.000,-999.000
130200002,118.193,39.623,-999.0,-999.0,-999.0,-999.0,5.69100,2.34800,-999.0,-999.0,-999.0,-999.0,-999.0,-999.0,-999.0,-999.0,-999.0,-999.0,-999.0,-999.000,-999.000,-999.0,-999.0,-999.0,-999.0,-999.0,-999.000,-999.0,-999.0,-999.0,-999.0,-999.000,-999.0,-999.000,-999.0,-999.0,-999.0,-999.0,-999.000,-999.000,-999.000,-999.000,-999.000,-999.000,-999.000
410500001,114.399,36.089,-999.0,-999.0,-999.0,-999.0,-999.0,-999.0,-999.0,-999.0,-999.0,-999.0,-999.0,-999.0,-999.0,-999.0,-999.0,-999.0,-999.0,-999.000,-999.000,-999.0,-999.0,-999.0,-999.0,-999.0,-999.000,-999.0,-999.0,-999.0,-999.0,-999.000,-999.0,-999.000,-999.0,-999.0,-999.0,-999.0,-999.000,-999.000,-999.000,-999.000,-999.000,-999.000,-999.000
140800001,110.968,35.031,-999.0,-999.0,-999.0,3.00600,28.33700,9.10700,0.01400,0.64000,0.47300,14.85100,0.05800,14.20800,3.14400,-999.0,-999.0,-999.0,-999.0,-999.000,-999.000,-999.0,-999.0,-999.0,-999.0,-999.0,-999.000,-999.0,-999.0,-999.0,-999.0,-999.000,-999.0,-999.000,-999.0,-999.0,-999.0,-999.0,-999.000,-999.000,-999.000,-999.000,-999.000,-999.000,-999.000
371700001,115.522,35.213,-999.0,-999.0,-999.0,-999.0,-999.0,-999.0,-999.0,-999.0,-999.0,-999.0,-999.0,6.77142,1.92717,-999.0,-999.0,-999.0,-999.0,-999.000,-999.000,-999.0,-999.0,-999.0,-999.0,-999.0,-999.000,-999.0,-999.0,-999.0,-999.0,-999.000,-999.0,-999.000,-999.0,-999.0,-999.0,-999.0,-999.000,-999.000,-999.000,-999.000,-999.000,-999.000,-999.000
410100003,113.733,34.772,-999.0,-999.0,-999.0,-999.0,-999.0,-999.0,-999.0,-999.0,-999.0,-999.0,-999.0,-999.0,-999.0,-999.0,-999.0,-999.0,-999.0,-999.000,-999.000,-999.0,-999.0,-999.0,-999.0,-999.0,-999.000,-999.0,0.50646,-999.0,-999.0,-999.000,-999.0,-999.000,-999.0,-999.0,-999.0,-999.0,-999.000,-999.000,-999.000,-999.000,-999.000,-999.000,-999.000
371400002,116.362,37.444,-999.0,-999.0,-999.0,-999.0,-999.0,-999.0,-999.0,-999.0,-999.0,-999.0,-999.0,-999.0,-999.0,-999.0,-999.0,-999.0,-999.0,-999.000,-999.000,-999.0,-999.0,-999.0,-999.0,-999.0,-999.000,-999.0,-999.0,-999.0,-999.0,-999.000,-999.0,-999.000,-999.0,-999.0,-999.0,-999.0,-999.000,-999.000,-999.000,-999.000,-999.000,-999.000,-999.000
1320500001,120.630,31.286,-999.0,-999.0,-999.0,-999.0,-999.0,-999.0,-999.0,-999.0,-999.0,-999.0,-999.0,-999.0,-999.0,-999.0,-999.0,-999.0,-999.0,-999.000,-999.000,-999.0,-999.0,-999.0,-999.0,-999.0,-999.000,-999.0,-999.0,-999.0,-999.0,-999.000,-999.0,-999.000,-999.0,-999.0,-999.0,-999.0,-999.000,-999.000,-999.000,-999.000,-999.000,-999.000,-999.000
110000003,116.322,39.105,-999.0,-999.0,-999.0,-999.0,-999.0,-999.0,-999.0,-999.0,-999.0,-999.0,-999.0,-999.0,-999.0,-999.0,-999.0,-999.0,-999.0,-999.000,-999.000,-999.0,-999.0,-999.0,-999.0,-999.0,-999.000,-999.0,-999.0,-999.0,-999.0,-999.000,-999.0,-999.000,-999.0,-999.0,-999.0,-999.0,-999.000,-999.000,-999.000,-999.000,-999.000,-999.000,-999.000
350100002,119.290,26.110,-999.0,-999.0,-999.0,-999.0,-999.0,-999.0,-999.0,-999.0,-999.0,-999.0,-999.0,-999.0,-999.0,-999.0,-999.0,-999.0,-999.0,-999.000,-999.000,-999.0,-999.0,-999.0,-999.0,-999.0,-999.000,-999.0,-999.0,-999.0,-999.0,-999.000,-999.0,-999.000,-999.0,-999.0,-999.0,-999.0,-999.000,-999.000,-999.000,-999.000,-999.000,-999.000,-999.000
131100002,115.684,37.733,-999.0,-999.0,-999.0,-999.0,-999.0,-999.0,-999.0,-999.0,-999.0,-999.0,-999.0,-999.0,-999.0,-999.0,-999.0,-999.0,-999.0,-999.000,-999.000,-999.0,-999.0,-999.0,-999.0,-999.0,-999.000,-999.0,-999.0,-999.0,-999.0,-999.000,-999.0,-999.000,-999.0,-999.0,-999.0,-999.0,-999.000,-999.000,-999.000,-999.000,-999.000,-999.000,-999.000
130600002,115.481,38.836,-999.0,-999.0,-999.0,-999.0,-999.0,-999.0,-999.0,-999.0,-999.0,-999.0,-999.0,-999.0,-999.0,-999.0,-999.0,-999.0,-999.0,-999.000,-999.000,-999.0,-999.0,-999.0,-999.0,-999.0,-999.000,-999.0,-999.0,-999.0,-999.0,-999.000,-999.0,-999.000,-999.0,-999.0,-999.0,-999.0,-999.000,-999.000,-999.000,-999.000,-999.000,-999.000,-999.000
1320600001,120.948,31.991,-999.0,-999.0,-999.0,-999.0,-999.0,-999.0,-999.0,-999.0,-999.0,-999.0,-999.0,-999.0,-999.0,-999.0,-999.0,-999.0,-999.0,-999.000,-999.000,-999.0,-999.0,-999.0,-999.0,-999.0,-999.000,-999.0,-999.0,-999.0,-999.0,-999.000,-999.0,-999.000,-999.0,-999.0,-999.0,-999.0,-999.000,-999.000,-999.000,-999.000,-999.000,-999.000,-999.000
410600001,114.291,35.722,-999.0,-999.0,-999.0,-999.0,-999.0,-999.0,-999.0,-999.0,-999.0,-999.0,-999.0,-999.0,-999.0,-999.0,-999.0,-999.0,-999.0,-999.000,-999.000,-999.0,-999.0,-999.0,-999.0,-999.0,-999.000,-999.0,-999.0,-999.0,-999.0,-999.000,-999.0,-999.000,-999.0,-999.0,-999.0,-999.0,-999.000,-999.000,-999.000,-999.000,-999.000,-999.000,-999.000
370100002,117.062,36.658,-999.0,-999.0,-999.0,-999.0,-999.0,-999.0,-999.0,-999.0,-999.0,-999.0,-999.0,7.44225,2.14175,-999.0,0.04265,0.03039,0.70371,-999.000,-999.000,1.59451,0.04913,0.07915,0.00949,-999.0,-999.000,-999.0,1.18591,1.37322,-999.0,-999.000,0.00113,-999.000,-999.0,-999.0,0.04677,0.02534,-999.000,-999.000,-999.000,-999.000,-999.000,-999.000,-999.000
130100004,114.536,38.025,-999.0,-999.0,-999.0,-999.0,-999.0,-999.0,-999.0,-999.0,-999.0,-999.0,-999.0,-999.0,-999.0,-999.0,-999.0,-999.0,-999.0,-999.000,-999.000,-999.0,-999.0,-999.0,-999.0,-999.0,-999.000,-999.0,-999.0,-999.0,-999.0,-999.000,-999.0,-999.000,-999.0,-999.0,-999.0,-999.0,-999.000,-999.000,-999.000,-999.000,-999.000,-999.000,-999.000
1340100001,117.196,31.785,-999.0,-999.0,-999.0,-999.0,-999.0,-999.0,-999.0,-999.0,-999.0,-999.0,-999.0,-999.0,-999.0,-999.0,-999.0,-999.0,-999.0,-999.000,-999.000,-999.0,-999.0,-999.0,-999.0,-999.0,-999.000,-999.0,-999.0,-999.0,-999.0,-999.000,-999.0,-999.000,-999.0,-999.0,-999.0,-999.0,-999.000,-999.000,-999.000,-999.000,-999.000,-999.000,-999.000
371600001,118.006,37.380,-999.0,-999.0,-999.0,-999.0,-999.0,-999.0,-999.0,-999.0,-999.0,-999.0,-999.0,11.15233,2.73317,-999.0,-999.0,-999.0,-999.0,-999.000,-999.000,-999.0,-999.0,-999.0,-999.0,-999.0,-999.000,-999.0,-999.0,-999.0,-999.0,-999.000,-999.0,-999.000,-999.0,-999.0,-999.0,-999.0,-999.000,-999.000,-999.000,-999.000,-999.000,-999.000,-999.000
110000001,116.415,40.041,-999.0,-999.0,-999.0,-999.0,-999.0,-999.0,-999.0,-999.0,-999.0,-999.0,-999.0,-999.0,-999.0,-999.0,-999.0,-999.0,-999.0,-999.000,-999.000,-999.0,-999.0,-999.0,-999.0,-999.0,-999.000,-999.0,-999.0,-999.0,-999.0,-999.000,-999.0,-999.000,-999.0,-999.0,-999.0,-999.0,-999.000,-999.000,-999.000,-999.000,-999.000,-999.000,-999.000
110000012,116.426,40.048,37.88000,16.02000,0.09900,0.72000,3.05000,3.60000,0.41000,0.09000,0.10000,2.79000,0.03000,2.15000,0.24000,0.00155,-999.0,0.00216,0.06616,-999.000,-999.000,0.14821,-999.0,-999.0,-999.0,-999.0,-999.000,0.01351,-999.0,-999.0,-999.0,-999.000,-999.0,-999.000,-999.0,-999.0,-999.0,-999.0,-999.000,-999.000,-999.000,-999.000,-999.000,-999.000,-999.000
1306000001,116.034,39.492,-999.0,-999.0,-999.0,-999.0,-999.0,-999.0,-999.0,-999.0,-999.0,-999.0,-999.0,-999.0,-999.0,-999.0,-999.0,-999.0,-999.0,-999.000,-999.000,-999.0,-999.0,-999.0,-999.0,-999.0,-999.000,-999.0,-999.0,-999.0,-999.0,-999.000,-999.0,-999.000,-999.0,-999.0,-999.0,-999.0,-999.000,-999.000,-999.000,-999.000,-999.000,-999.000,-999.000
1307000001,114.898,40.837,-999.0,-999.0,-999.0,-999.0,-999.0,-999.0,-999.0,-999.0,-999.0,-999.0,-999.0,-999.0,-999.0,-999.0,-999.0,-999.0,-999.0,-999.000,-999.000,-999.0,-999.0,-999.0,-999.0,-999.0,-999.000,-999.0,-999.0,-999.0,-999.0,-999.000,-999.0,-999.000,-999.0,-999.0,-999.0,-999.0,-999.000,-999.000,-999.000,-999.000,-999.000,-999.000,-999.000
1311000001,115.694,37.808,-999.0,-999.0,-999.0,-999.0,-999.0,-999.0,-999.0,-999.0,-999.0,-999.0,-999.0,-999.0,-999.0,-999.0,-999.0,-999.0,-999.0,-999.000,-999.000,-999.0,-999.0,-999.0,-999.0,-999.0,-999.000,-999.0,-999.0,-999.0,-999.0,-999.000,-999.0,-999.000,-999.0,-999.0,-999.0,-999.0,-999.000,-999.000,-999.000,-999.000,-999.000,-999.000,-999.000
3701000001,117.610,36.720,-999.0,-999.0,-999.0,-999.0,-999.0,-999.0,-999.0,-999.0,-999.0,-999.0,-999.0,-999.0,-999.0,-999.0,-999.0,-999.0,-999.0,-999.000,-999.000,-999.0,-999.0,-999.0,-999.0,-999.0,-999.000,-999.0,-999.0,-999.0,-999.0,-999.000,-999.0,-999.000,-999.0,-999.0,-999.0,-999.0,-999.000,-999.000,-999.000,-999.000,-999.000,-999.000,-999.000
1200000004,117.850,39.494,-999.0,-999.0,-999.0,-999.0,-999.0,-999.0,-999.0,-999.0,-999.0,-999.0,-999.0,-999.0,-999.0,-999.0,-999.0,-999.0,-999.0,-999.000,-999.000,-999.0,-999.0,-999.0,-999.0,-999.0,-999.000,-999.0,-999.0,-999.0,-999.0,-999.000,-999.0,-999.000,-999.0,-999.0,-999.0,-999.0,-999.000,-999.000,-999.000,-999.000,-999.000,-999.000,-999.000
120000003,117.223,39.173,-999.0,-999.0,-999.0,-999.0,-999.0,-999.0,0.23100,0.46400,-999.0,-999.0,-999.0,-999.0,2.65700,-999.0,-999.0,-999.0,-999.0,-999.000,-999.000,-999.0,-999.0,-999.0,-999.0,-999.0,-999.000,-999.0,-999.0,-999.0,-999.0,-999.000,-999.0,-999.000,-999.0,-999.0,-999.0,-999.0,-999.000,-999.000,-999.000,-999.000,-999.000,-999.000,-999.000
140100001,112.547,37.874,-999.0,-999.0,-999.0,-999.0,-999.0,-999.0,-999.0,-999.0,-999.0,-999.0,-999.0,-999.0,-999.0,-999.0,-999.0,-999.0,-999.0,-999.000,-999.000,-999.0,-999.0,-999.0,-999.0,-999.0,-999.000,-999.0,-999.0,-999.0,-999.0,-999.000,-999.0,-999.000,-999.0,-999.0,-999.0,-999.0,-999.000,-999.000,-999.000,-999.000,-999.000,-999.000,-999.000
