stationcode,longitude,latitude,PM10,PM25,F-,Cl-,NO3-,SO42-,Ca2+,Na+,K+,NH4+,Mg2+,OC,EC,Br,As,Si,Te,V,Ca,Ti,Ba,Sc,Pd,Co,Mo,K,Fe,TI,Cu,Al,Cr,Cs,Ag,Zn,Sb,Sn,Mn,Cd,Ni,Ga,Pb,Se,Hg
110000006,116.041,39.597,-999.0,-999.0,-999.0,-999.0,-999.0,-999.0,-999.0,-999.0,-999.0,-999.0,-999.0,-999.0,-999.0,-999.0,-999.0,-999.0,-999.000,-999.000,-999.0,-999.0,-999.0,-999.0,-999.000,-999.000,-999.0,-999.0,-999.0,-999.0,-999.000,-999.0,-999.0,-999.0,-999.000,-999.0,-999.000,-999.000,-999.0,-999.000,-999.000,-999.0,-999.000,-999.000,-999.000
371500001,115.974,36.493,-999.0,-999.0,-999.0,-999.0,-999.0,-999.0,-999.0,-999.0,-999.0,-999.0,-999.0,42.38438,16.24692,-999.0,-999.0,-999.0,-999.000,-999.000,-999.0,-999.0,-999.0,-999.0,-999.000,-999.000,-999.0,-999.0,-999.0,-999.0,-999.000,-999.0,-999.0,-999.0,-999.000,-999.0,-999.000,-999.000,-999.0,-999.000,-999.000,-999.0,-999.000,-999.000,-999.000
150100001,111.752,40.841,-999.0,-999.0,-999.0,-999.0,-999.0,-999.0,-999.0,-999.0,-999.0,-999.0,-999.0,-999.0,-999.0,-999.0,-999.0,-999.0,-999.000,-999.000,-999.0,-999.0,-999.0,-999.0,-999.000,-999.000,-999.0,-999.0,-999.0,-999.0,-999.000,-999.0,-999.0,-999.0,-999.000,-999.0,-999.000,-999.000,-999.0,-999.000,-999.000,-999.0,-999.000,-999.000,-999.000
1320100001,118.754,32.055,-999.0,-999.0,-999.0,-999.0,-999.0,-999.0,-999.0,-999.0,-999.0,-999.0,-999.0,-999.0,-999.0,-999.0,-999.0,-999.0,-999.000,-999.000,-999.0,-999.0,-999.0,-999.0,-999.000,-999.000,-999.0,-999.0,-999.0,-999.0,-999.000,-999.0,-999.0,-999.0,-999.000,-999.0,-999.000,-999.000,-999.0,-999.000,-999.000,-999.0,-999.000,-999.000,-999.000
410200001,114.331,34.761,-999.0,-999.0,-999.0,-999.0,-999.0,-999.0,-999.0,-999.0,-999.0,-999.0,-999.0,-999.0,-999.0,-999.0,-999.0,-999.0,-999.000,-999.000,-999.0,-999.0,-999.0,-999.0,-999.000,-999.000,-999.0,-999.0,-999.0,-999.0,-999.000,-999.0,-999.0,-999.0,-999.000,-999.0,-999.000,-999.000,-999.0,-999.000,-999.000,-999.0,-999.000,-999.000,-999.000
140100002,112.482,37.719,-999.0,-999.0,-999.0,-999.0,-999.0,-999.0,-999.0,-999.0,-999.0,-999.0,-999.0,-999.0,-999.0,0.05310,0.02006,-999.0,-999.000,-999.000,-999.0,-999.0,-999.0,0.00070,-999.000,-999.000,-999.0,-999.0,-999.0,0.00111,-999.000,-999.0,-999.0,-999.0,-999.000,-999.0,-999.000,-999.000,-999.0,-999.000,-999.000,0.00452,-999.000,-999.000,-999.000
340100001,117.117,31.470,-999.0,-999.0,-999.0,-999.0,-999.0,-999.0,-999.0,-999.0,-999.0,-999.0,-999.0,-999.0,-999.0,-999.0,-999.0,-999.0,-999.000,-999.000,-999.0,-999.0,-999.0,-999.0,-999.000,-999.000,-999.0,-999.0,-999.0,-999.0,-999.000,-999.0,-999.0,-999.0,-999.000,-999.0,-999.000,-999.000,-999.0,-999.000,-999.000,-999.0,-999.000,-999.000,-999.000
410300001,112.419,34.613,-999.0,-999.0,0.00500,13.41100,22.57600,9.34100,1.84800,2.38000,3.50200,12.16700,0.15900,22.81900,7.11300,-999.0,-999.0,-999.0,-999.000,-999.000,-999.0,-999.0,-999.0,-999.0,-999.000,-999.000,-999.0,-999.0,-999.0,-999.0,-999.000,-999.0,-999.0,-999.0,-999.000,-999.0,-999.000,-999.000,-999.0,-999.000,-999.000,-999.0,-999.000,-999.000,-999.000
610100002,108.935,34.347,-999.0,-999.0,0.29300,5.77400,27.61400,15.49800,0.21700,1.30300,0.25700,17.21000,0.04400,22.53100,6.73300,-999.0,-999.0,-999.0,-999.000,-999.000,-999.0,-999.0,-999.0,-999.0,-999.000,-999.000,-999.0,-999.0,-999.0,-999.0,-999.000,-999.0,-999.0,-999.0,-999.000,-999.0,-999.000,-999.000,-999.0,-999.000,-999.000,-999.0,-999.000,-999.000,-999.000
1320300001,117.256,34.215,-999.0,-999.0,-999.0,-999.0,-999.0,-999.0,-999.0,-999.0,-999.0,-999.0,-999.0,-999.0,-999.0,-999.0,-999.0,-999.0,-999.000,-999.000,-999.0,-999.0,-999.0,-999.0,-999.000,-999.000,-999.0,-999.0,-999.0,-999.0,-999.000,-999.0,-999.0,-999.0,-999.000,-999.0,-999.000,-999.000,-999.0,-999.000,-999.000,-999.0,-999.000,-999.000,-999.000
130600003,115.482,38.926,-999.0,-999.0,-999.0,-999.0,17.80900,8.24000,0.51500,0.93100,1.25400,8.42900,0.10700,-999.0,-999.0,-999.0,-999.0,-999.0,-999.000,-999.000,-999.0,-999.0,-999.0,-999.0,-999.000,-999.000,-999.0,-999.0,-999.0,-999.0,-999.000,-999.0,-999.0,-999.0,-999.000,-999.0,-999.000,-999.000,-999.0,-999.000,-999.000,-999.0,-999.000,-999.000,-999.000
130500001,114.482,37.066,-999.0,-999.0,-999.0,-999.0,-999.0,-999.0,-999.0,-999.0,-999.0,-999.0,-999.0,-999.0,-999.0,-999.0,-999.0,-999.0,-999.000,-999.000,-999.0,-999.0,-999.0,-999.0,-999.000,-999.000,-999.0,-999.0,-999.0,-999.0,-999.000,-999.0,-999.0,-999.0,-999.000,-999.0,-999.000,-999.000,-999.0,-999.000,-999.000,-999.0,-999.000,-999.000,-999.000
110000005,116.326,39.521,-999.0,-999.0,-999.0,-999.0,-999.0,-999.0,-999.0,-999.0,-999.0,-999.0,-999.0,-999.0,-999.0,-999.0,-999.0,-999.0,-999.000,-999.000,-999.0,-999.0,-999.0,-999.0,-999.000,-999.000,-999.0,-999.0,-999.0,-999.0,-999.000,-999.0,-999.0,-999.0,-999.000,-999.0,-999.000,-999.000,-999.0,-999.000,-999.000,-999.0,-999.000,-999.000,-999.000
1640100001,106.225,38.489,-999.0,-999.0,-999.0,-999.0,-999.0,-999.0,-999.0,-999.0,-999.0,-999.0,-999.0,-999.0,-999.0,-999.0,-999.0,-999.0,-999.000,-999.000,-999.0,-999.0,-999.0,-999.0,-999.000,-999.000,-999.0,-999.0,-999.0,-999.0,-999.000,-999.0,-999.0,-999.0,-999.000,-999.0,-999.000,-999.000,-999.0,-999.000,-999.000,-999.0,-999.000,-999.000,-999.000
130700002,114.904,40.769,-999.0,-999.0,-999.0,-999.0,-999.0,-999.0,-999.0,-999.0,-999.0,-999.0,-999.0,-999.0,-999.0,-999.0,-999.0,-999.0,-999.000,-999.000,-999.0,-999.0,-999.0,-999.0,-999.000,-999.000,-999.0,-999.0,-999.0,-999.0,-999.000,-999.0,-999.0,-999.0,-999.000,-999.0,-999.000,-999.000,-999.0,-999.000,-999.000,-999.0,-999.000,-999.000,-999.000
141000001,111.526,36.063,-999.0,-999.0,-999.0,12.79100,26.74800,13.96600,0.82300,2.51400,3.86000,16.46900,0.32400,41.42000,15.48100,-999.0,-999.0,-999.0,-999.000,-999.000,-999.0,-999.0,-999.0,-999.0,-999.000,-999.000,-999.0,-999.0,-999.0,-999.0,-999.000,-999.0,-999.0,-999.0,-999.000,-999.0,-999.000,-999.000,-999.0,-999.000,-999.000,-999.0,-999.000,-999.000,-999.000
1411200001,111.278,34.716,-999.0,-999.0,-999.0,-999.0,-999.0,-999.0,-999.0,-999.0,-999.0,-999.0,-999.0,-999.0,-999.0,-999.0,-999.0,-999.0,-999.000,-999.000,-999.0,-999.0,-999.0,-999.0,-999.000,-999.000,-999.0,-999.0,-999.0,-999.0,-999.000,-999.0,-999.0,-999.0,-999.000,-999.0,-999.000,-999.000,-999.0,-999.000,-999.000,-999.0,-999.000,-999.000,-999.000
130300002,119.584,39.955,-999.0,-999.0,0.74700,-999.0,7.28200,-999.0,-999.0,-999.0,-999.0,-999.0,-999.0,-999.0,-999.0,-999.0,-999.0,-999.0,-999.000,-999.000,-999.0,-999.0,-999.0,-999.0,-999.000,-999.000,-999.0,-999.0,-999.0,-999.0,-999.000,-999.0,-999.0,-999.0,-999.000,-999.0,-999.000,-999.000,-999.0,-999.000,-999.000,-999.0,-999.000,-999.000,-999.000
140500001,112.857,35.488,-999.0,-999.0,-999.0,-999.0,-999.0,-999.0,-999.0,-999.0,-999.0,-999.0,-999.0,-999.0,-999.0,-999.0,-999.0,-999.0,-999.000,-999.000,-999.0,-999.0,-999.0,-999.0,-999.000,-999.000,-999.0,-999.0,-999.0,-999.0,-999.000,-999.0,-999.0,-999.0,-999.000,-999.0,-999.000,-999.000,-999.0,-999.000,-999.000,-999.0,-999.000,-999.000,-999.000
140300001,113.589,37.848,-999.0,-999.0,-999.0,-999.0,-999.0,-999.0,-999.0,-999.0,-999.0,-999.0,-999.0,-999.0,-999.0,-999.0,-999.0,-999.0,-999.000,-999.000,-999.0,-999.0,-999.0,-999.0,-999.000,-999.000,-999.0,-999.0,-999.0,-999.0,-999.000,-999.0,-999.0,-999.0,-999.000,-999.0,-999.000,-999.000,-999.0,-999.000,-999.000,-999.0,-999.000,-999.000,-999.000
120000005,117.042,39.384,-999.0,-999.0,-999.0,-999.0,-999.0,-999.0,-999.0,-999.0,0.18900,-999.0,-999.0,-999.0,-999.0,-999.0,-999.0,-999.0,-999.000,-999.000,-999.0,-999.0,-999.0,-999.0,-999.000,-999.000,-999.0,-999.0,-999.0,-999.0,-999.000,-999.0,-999.0,-999.0,-999.000,-999.0,-999.000,-999.000,-999.0,-999.000,-999.000,-999.0,-999.000,-999.000,-999.000
320100001,118.762,32.066,-999.0,-999.0,-999.0,-999.0,-999.0,-999.0,-999.0,-999.0,-999.0,-999.0,-999.0,-999.0,-999.0,-999.0,-999.0,-999.0,-999.000,-999.000,-999.0,-999.0,-999.0,-999.0,-999.000,-999.000,-999.0,-999.0,-999.0,-999.0,-999.000,-999.0,-999.0,-999.0,-999.000,-999.0,-999.000,-999.000,-999.0,-999.000,-999.000,-999.0,-999.000,-999.000,-999.000
370100001,117.171,36.669,-999.0,-999.0,-999.0,-999.0,-999.0,-999.0,-999.0,-999.0,-999.0,-999.0,-999.0,-999.0,-999.0,-999.0,-999.0,-999.0,-999.000,-999.000,-999.0,-999.0,-999.0,-999.0,-999.000,-999.000,-999.0,-999.0,-999.0,-999.0,-999.000,-999.0,-999.0,-999.0,-999.000,-999.0,-999.000,-999.000,-999.0,-999.000,-999.000,-999.0,-999.000,-999.000,-999.000
110000016,116.732,40.203,-999.0,-999.0,-999.0,-999.0,-999.0,-999.0,-999.0,-999.0,-999.0,-999.0,-999.0,-999.0,-999.0,-999.0,-999.0,-999.0,-999.000,-999.000,-999.0,-999.0,-999.0,-999.0,-999.000,-999.000,-999.0,-999.0,-999.0,-999.0,-999.000,-999.0,-999.0,-999.0,-999.000,-999.0,-999.000,-999.000,-999.0,-999.000,-999.000,-999.0,-999.000,-999.000,-999.000
120000004,117.283,39.683,-999.0,-999.0,-999.0,-999.0,-999.0,-999.0,-999.0,-999.0,-999.0,-999.0,-999.0,-999.0,-999.0,-999.0,-999.0,-999.0,-999.000,-999.000,-999.0,-999.0,-999.0,-999.0,-999.000,-999.000,-999.0,-999.0,-999.0,-999.0,-999.000,-999.0,-999.0,-999.0,-999.000,-999.0,-999.000,-999.000,-999.0,-999.000,-999.000,-999.0,-999.000,-999.000,-999.000
370300001,117.983,36.835,-999.0,-999.0,-999.0,-999.0,-999.0,-999.0,-999.0,-999.0,-999.0,-999.0,-999.0,19.65488,4.14467,-999.0,-999.0,-999.0,-999.000,-999.000,-999.0,-999.0,-999.0,-999.0,-999.000,-999.000,-999.0,-999.0,-999.0,-999.0,-999.000,-999.0,-999.0,-999.0,-999.000,-999.0,-999.000,-999.000,-999.0,-999.000,-999.000,-999.0,-999.000,-999.000,-999.000
130600004,115.946,38.945,-999.0,-999.0,-999.0,-999.0,-999.0,-999.0,-999.0,-999.0,-999.0,-999.0,-999.0,-999.0,-999.0,-999.0,-999.0,-999.0,-999.000,-999.000,-999.0,-999.0,-999.0,-999.0,-999.000,-999.000,-999.0,-999.0,-999.0,-999.0,-999.000,-999.0,-999.0,-999.0,-999.000,-999.0,-999.000,-999.000,-999.0,-999.000,-999.000,-999.0,-999.000,-999.000,-999.000
140400001,113.110,36.199,-999.0,-999.0,0.07300,5.36800,-999.0,15.48500,0.66000,0.85100,1.35200,14.31300,0.07700,-999.0,-999.0,-999.0,-999.0,-999.0,-999.000,-999.000,-999.0,-999.0,-999.0,-999.0,-999.000,-999.000,-999.0,-999.0,-999.0,-999.0,-999.000,-999.0,-999.0,-999.0,-999.000,-999.0,-999.000,-999.000,-999.0,-999.000,-999.000,-999.0,-999.000,-999.000,-999.000
430100001,113.090,28.204,-999.0,-999.0,-999.0,-999.0,-999.0,-999.0,-999.0,-999.0,-999.0,-999.0,-999.0,-999.0,-999.0,-999.0,-999.0,-999.0,-999.000,-999.000,-999.0,-999.0,-999.0,-999.0,-999.000,-999.000,-999.0,-999.0,-999.0,-999.0,-999.000,-999.0,-999.0,-999.0,-999.000,-999.0,-999.000,-999.000,-999.0,-999.000,-999.000,-999.0,-999.000,-999.000,-999.000
131000005,116.702,39.545,-999.0,-999.0,-999.0,-999.0,-999.0,-999.0,-999.0,-999.0,-999.0,-999.0,-999.0,-999.0,-999.0,-999.0,-999.0,-999.0,-999.000,-999.000,-999.0,-999.0,-999.0,-999.0,-999.000,-999.000,-999.0,-999.0,-999.0,-999.0,-999.000,-999.0,-999.0,-999.0,-999.000,-999.0,-999.000,-999.000,-999.0,-999.000,-999.000,-999.0,-999.000,-999.000,-999.000
110000004,116.424,40.049,-999.0,-999.0,-999.0,-999.0,-999.0,-999.0,-999.0,-999.0,-999.0,-999.0,-999.0,-999.0,-999.0,-999.0,-999.0,-999.0,-999.000,-999.000,-999.0,-999.0,-999.0,-999.0,-999.000,-999.000,-999.0,-999.0,-999.0,-999.0,-999.000,-999.0,-999.0,-999.0,-999.000,-999.0,-999.000,-999.000,-999.0,-999.000,-999.000,-999.0,-999.000,-999.000,-999.000
130900003,116.839,38.304,-999.0,-999.0,-999.0,-999.0,-999.0,-999.0,-999.0,-999.0,-999.0,-999.0,-999.0,-999.0,-999.0,-999.0,-999.0,-999.0,-999.000,-999.000,-999.0,-999.0,-999.0,-999.0,-999.000,-999.000,-999.0,-999.0,-999.0,-999.0,-999.000,-999.0,-999.0,-999.0,-999.000,-999.0,-999.000,-999.000,-999.0,-999.000,-999.000,-999.0,-999.000,-999.000,-999.000
371400003,115.823,36.952,-999.0,-999.0,-999.0,-999.0,-999.0,-999.0,-999.0,-999.0,-999.0,-999.0,-999.0,41.33139,12.84383,-999.0,-999.0,-999.0,-999.000,-999.000,-999.0,-999.0,-999.0,-999.0,-999.000,-999.000,-999.0,-999.0,-999.0,-999.0,-999.000,-999.0,-999.0,-999.0,-999.000,-999.0,-999.000,-999.000,-999.0,-999.000,-999.000,-999.0,-999.000,-999.000,-999.000
130300001,119.622,39.912,-999.0,-999.0,-999.0,-999.0,-999.0,-999.0,-999.0,-999.0,-999.0,-999.0,-999.0,-999.0,-999.0,-999.0,-999.0,-999.0,-999.000,-999.000,-999.0,-999.0,-999.0,-999.0,-999.000,-999.000,-999.0,-999.0,-999.0,-999.0,-999.000,-999.0,-999.0,-999.0,-999.000,-999.0,-999.000,-999.000,-999.0,-999.000,-999.000,-999.0,-999.000,-999.000,-999.000
131000003,116.709,39.551,-999.0,-999.0,-999.0,-999.0,-999.0,-999.0,-999.0,-999.0,-999.0,-999.0,-999.0,-999.0,-999.0,-999.0,-999.0,-999.0,-999.000,-999.000,-999.0,-999.0,-999.0,-999.0,-999.000,-999.000,-999.0,-999.0,-999.0,-999.0,-999.000,-999.0,-999.0,-999.0,-999.000,-999.0,-999.000,-999.000,-999.0,-999.000,-999.000,-999.0,-999.000,-999.000,-999.000
1320200001,120.317,31.513,-999.0,-999.0,-999.0,-999.0,-999.0,-999.0,-999.0,-999.0,-999.0,-999.0,-999.0,-999.0,-999.0,-999.0,-999.0,-999.0,-999.000,-999.000,-999.0,-999.0,-999.0,-999.0,-999.000,-999.000,-999.0,-999.0,-999.0,-999.0,-999.000,-999.0,-999.0,-999.0,-999.000,-999.0,-999.000,-999.000,-999.0,-999.000,-999.000,-999.0,-999.000,-999.000,-999.000
110000010,116.266,39.499,-999.0,-999.0,-999.0,-999.0,-999.0,-999.0,-999.0,-999.0,-999.0,-999.0,-999.0,-999.0,-999.0,-999.0,-999.0,-999.0,-999.000,-999.000,-999.0,-999.0,-999.0,-999.0,-999.000,-999.000,-999.0,-999.0,-999.0,-999.0,-999.000,-999.0,-999.0,-999.0,-999.000,-999.0,-999.000,-999.000,-999.0,-999.000,-999.000,-999.0,-999.000,-999.000,-999.000
130200001,118.130,39.634,-999.0,-999.0,-999.0,-999.0,-999.0,-999.0,-999.0,-999.0,-999.0,-999.0,-999.0,-999.0,-999.0,-999.0,-999.0,-999.0,-999.000,-999.000,-999.0,-999.0,-999.0,-999.0,-999.000,-999.000,-999.0,-999.0,-999.0,-999.0,-999.000,-999.0,-999.0,-999.0,-999.000,-999.0,-999.000,-999.000,-999.0,-999.000,-999.000,-999.0,-999.000,-999.000,-999.000
110000002,116.342,39.727,-999.0,-999.0,-999.0,-999.0,-999.0,-999.0,-999.0,-999.0,-999.0,-999.0,-999.0,-999.0,-999.0,-999.0,-999.0,-999.0,-999.000,-999.000,-999.0,-999.0,-999.0,-999.0,-999.000,-999.000,-999.0,-999.0,-999.0,-999.0,-999.000,-999.0,-999.0,-999.0,-999.000,-999.0,-999.000,-999.000,-999.0,-999.000,-999.000,-999.0,-999.000,-999.000,-999.000
131100003,115.678,37.732,-999.0,-999.0,-999.0,-999.0,-999.0,-999.0,-999.0,-999.0,-999.0,-999.0,-999.0,-999.0,-999.0,-999.0,-999.0,-999.0,-999.000,-999.000,-999.0,-999.0,-999.0,-999.0,-999.000,-999.000,-999.0,-999.0,-999.0,-999.0,-999.000,-999.0,-999.0,-999.0,-999.000,-999.0,-999.000,-999.000,-999.0,-999.000,-999.000,-999.0,-999.000,-999.000,-999.000
110000008,116.684,39.542,-999.0,-999.0,-999.0,-999.0,-999.0,-999.0,-999.0,-999.0,-999.0,-999.0,-999.0,-999.0,-999.0,-999.0,-999.0,-999.0,-999.000,-999.000,-999.0,-999.0,-999.0,-999.0,-999.000,-999.000,-999.0,-999.0,-999.0,-999.0,-999.000,-999.0,-999.0,-999.0,-999.000,-999.0,-999.000,-999.000,-999.0,-999.000,-999.000,-999.0,-999.000,-999.000,-999.000
410500002,114.398,36.089,-999.0,-999.0,-999.0,-999.0,-999.0,-999.0,-999.0,-999.0,-999.0,-999.0,-999.0,-999.0,-999.0,-999.0,-999.0,-999.0,-999.000,-999.000,-999.0,-999.0,-999.0,-999.0,-999.000,-999.000,-999.0,-999.0,-999.0,-999.0,-999.000,-999.0,-999.0,-999.0,-999.000,-999.0,-999.000,-999.000,-999.0,-999.000,-999.000,-999.0,-999.000,-999.000,-999.000
130400002,114.497,36.571,-999.0,-999.0,0.04800,10.14000,20.05800,8.45100,-999.0,0.82200,1.99500,16.11900,-999.0,-999.0,-999.0,-999.0,-999.0,-999.0,-999.000,-999.000,-999.0,-999.0,-999.0,-999.0,-999.000,-999.000,-999.0,-999.0,-999.0,-999.0,-999.000,-999.0,-999.0,-999.0,-999.000,-999.0,-999.000,-999.000,-999.0,-999.000,-999.000,-999.0,-999.000,-999.000,-999.000
370800001,116.623,35.429,-999.0,-999.0,-999.0,-999.0,-999.0,-999.0,-999.0,-999.0,-999.0,-999.0,-999.0,12.90946,5.89817,-999.0,-999.0,-999.0,-999.000,-999.000,-999.0,-999.0,-999.0,-999.0,-999.000,-999.000,-999.0,-999.0,-999.0,-999.0,-999.000,-999.0,-999.0,-999.0,-999.000,-999.0,-999.000,-999.000,-999.0,-999.000,-999.000,-999.0,-999.000,-999.000,-999.000
110000009,116.771,39.628,-999.0,-999.0,-999.0,30.10000,0.25000,200.00000,-999.0,3000.00000,0.14000,0.26000,-999.0,-999.0,-999.0,-999.0,-999.0,-999.0,-999.000,-999.000,-999.0,-999.0,-999.0,-999.0,-999.000,-999.000,-999.0,-999.0,-999.0,-999.0,-999.000,-999.0,-999.0,-999.0,-999.000,-999.0,-999.000,-999.000,-999.0,-999.000,-999.000,-999.0,-999.000,-999.000,-999.000
110000011,115.831,39.542,-999.0,-999.0,-999.0,-999.0,-999.0,-999.0,-999.0,-999.0,-999.0,-999.0,-999.0,-999.0,-999.0,-999.0,-999.0,-999.0,-999.000,-999.000,-999.0,-999.0,-999.0,-999.0,-999.000,-999.000,-999.0,-999.0,-999.0,-999.0,-999.000,-999.0,-999.0,-999.0,-999.000,-999.0,-999.000,-999.000,-999.0,-999.000,-999.000,-999.0,-999.000,-999.000,-999.000
120000001,117.159,39.099,-999.0,-999.0,-999.0,-999.0,-999.0,-999.0,-999.0,-999.0,-999.0,-999.0,-999.0,-999.0,-999.0,-999.0,-999.0,-999.0,-999.000,-999.000,-999.0,-999.0,-999.0,-999.0,-999.000,-999.000,-999.0,-999.0,-999.0,-999.0,-999.000,-999.0,-999.0,-999.0,-999.000,-999.0,-999.000,-999.000,-999.0,-999.000,-999.000,-999.0,-999.000,-999.000,-999.000
131000004,117.006,39.761,-999.0,-999.0,-999.0,-999.0,-999.0,-999.0,-999.0,-999.0,-999.0,-999.0,-999.0,-999.0,-999.0,-999.0,-999.0,-999.0,-999.000,-999.000,-999.0,-999.0,-999.0,-999.0,-999.000,-999.000,-999.0,-999.0,-999.0,-999.0,-999.000,-999.0,-999.0,-999.0,-999.000,-999.0,-999.000,-999.000,-999.0,-999.000,-999.000,-999.0,-999.000,-999.000,-999.000
410900001,115.032,35.763,-999.0,-999.0,-999.0,-999.0,-999.0,-999.0,-999.0,-999.0,-999.0,-999.0,-999.0,-999.0,-999.0,-999.0,-999.0,-999.0,-999.000,-999.000,-999.0,-999.0,-999.0,-999.0,-999.000,-999.000,-999.0,-999.0,-999.0,-999.0,-999.000,-999.0,-999.0,-999.0,-999.000,-999.0,-999.000,-999.000,-999.0,-999.000,-999.000,-999.0,-999.000,-999.000,-999.000
410700002,113.924,35.303,-999.0,-999.0,-999.0,-999.0,-999.0,-999.0,-999.0,-999.0,-999.0,-999.0,-999.0,-999.0,-999.0,-999.0,-999.0,-999.0,-999.000,-999.000,-999.0,-999.0,-999.0,-999.0,-999.000,-999.000,-999.0,-999.0,-999.0,-999.0,-999.000,-999.0,-999.0,-999.0,-999.000,-999.0,-999.000,-999.000,-999.0,-999.000,-999.000,-999.0,-999.000,-999.000,-999.000
130100005,114.480,38.094,-999.0,-999.0,-999.0,-999.0,-999.0,-999.0,-999.0,-999.0,-999.0,-999.0,-999.0,-999.0,-999.0,0.05700,0.01962,0.60756,-999.000,-999.000,0.40968,0.04285,0.01889,0.00431,-999.000,-999.000,-999.0,1.81552,0.41858,0.00922,-999.000,1.04044,0.00482,0.01104,-999.000,0.59623,-999.000,-999.000,0.04735,-999.000,-999.000,-999.0,-999.000,-999.000,-999.000
120000006,117.412,40.055,-999.0,-999.0,-999.0,-999.0,-999.0,-999.0,-999.0,-999.0,-999.0,-999.0,-999.0,-999.0,-999.0,-999.0,-999.0,-999.0,-999.000,-999.000,-999.0,-999.0,-999.0,-999.0,-999.000,-999.000,-999.0,-999.0,-999.0,-999.0,-999.000,-999.0,-999.0,-999.0,-999.000,-999.0,-999.000,-999.000,-999.0,-999.000,-999.000,-999.0,-999.000,-999.000,-999.000
410100002,113.606,34.748,-999.0,-999.0,-999.0,-999.0,-999.0,-999.0,-999.0,-999.0,-999.0,-999.0,-999.0,-999.0,-999.0,-999.0,-999.0,-999.0,-999.000,-999.000,-999.0,-999.0,-999.0,-999.0,-999.000,-999.000,-999.0,-999.0,-999.0,-999.0,-999.000,-999.0,-999.0,-999.0,-999.000,-999.0,-999.000,-999.000,-999.0,-999.000,-999.000,-999.0,-999.000,-999.000,-999.000
130700003,114.895,40.834,-999.0,-999.0,0.06700,0.54000,7.94500,2.73800,0.29300,1.16600,0.14100,3.58100,0.19300,-999.0,-999.0,-999.0,-999.0,-999.0,-999.000,-999.000,-999.0,-999.0,-999.0,-999.0,-999.000,-999.000,-999.0,-999.0,-999.0,-999.0,-999.000,-999.0,-999.0,-999.0,-999.000,-999.0,-999.000,-999.000,-999.0,-999.000,-999.000,-999.0,-999.000,-999.000,-999.000
130500002,114.532,37.086,-999.0,-999.0,-999.0,-999.0,-999.0,-999.0,-999.0,-999.0,-999.0,-999.0,-999.0,-999.0,-999.0,-999.0,-999.0,-999.0,-999.000,-999.000,-999.0,-999.0,-999.0,-999.0,-999.000,-999.000,-999.0,-999.0,-999.0,-999.0,-999.000,-999.0,-999.0,-999.0,-999.000,-999.0,-999.000,-999.000,-999.0,-999.000,-999.000,-999.0,-999.000,-999.000,-999.000
410800001,113.279,35.206,-999.0,-999.0,-999.0,-999.0,19.33300,-999.0,-999.0,-999.0,-999.0,-999.0,-999.0,-999.0,-999.0,-999.0,-999.0,-999.0,-999.000,-999.000,-999.0,-999.0,-999.0,-999.0,-999.000,-999.000,-999.0,-999.0,-999.0,-999.0,-999.000,-999.0,-999.0,-999.0,-999.000,-999.0,-999.000,-999.000,-999.0,-999.000,-999.000,-999.0,-999.000,-999.000,-999.000
130200002,118.193,39.623,-999.0,-999.0,-999.0,-999.0,-999.0,-999.0,-999.0,-999.0,-999.0,-999.0,-999.0,-999.0,-999.0,-999.0,-999.0,-999.0,-999.000,-999.000,-999.0,-999.0,-999.0,-999.0,-999.000,-999.000,-999.0,-999.0,-999.0,-999.0,-999.000,-999.0,-999.0,-999.0,-999.000,-999.0,-999.000,-999.000,-999.0,-999.000,-999.000,-999.0,-999.000,-999.000,-999.000
410500001,114.399,36.089,-999.0,-999.0,-999.0,-999.0,-999.0,-999.0,-999.0,-999.0,-999.0,-999.0,-999.0,-999.0,-999.0,-999.0,-999.0,-999.0,-999.000,-999.000,-999.0,-999.0,-999.0,-999.0,-999.000,-999.000,-999.0,-999.0,-999.0,-999.0,-999.000,-999.0,-999.0,-999.0,-999.000,-999.0,-999.000,-999.000,-999.0,-999.000,-999.000,-999.0,-999.000,-999.000,-999.000
140800001,110.968,35.031,-999.0,-999.0,-999.0,7.31300,26.09100,7.58100,0.86000,1.44500,1.77300,17.07700,0.11600,39.79300,12.45700,-999.0,-999.0,-999.0,-999.000,-999.000,-999.0,-999.0,-999.0,-999.0,-999.000,-999.000,-999.0,-999.0,-999.0,-999.0,-999.000,-999.0,-999.0,-999.0,-999.000,-999.0,-999.000,-999.000,-999.0,-999.000,-999.000,-999.0,-999.000,-999.000,-999.000
371700001,115.522,35.213,-999.0,-999.0,-999.0,-999.0,-999.0,-999.0,-999.0,-999.0,-999.0,-999.0,-999.0,21.62450,6.20742,-999.0,-999.0,-999.0,-999.000,-999.000,-999.0,-999.0,-999.0,-999.0,-999.000,-999.000,-999.0,-999.0,-999.0,-999.0,-999.000,-999.0,-999.0,-999.0,-999.000,-999.0,-999.000,-999.000,-999.0,-999.000,-999.000,-999.0,-999.000,-999.000,-999.000
410100003,113.733,34.772,-999.0,-999.0,-999.0,-999.0,-999.0,-999.0,-999.0,-999.0,-999.0,-999.0,-999.0,-999.0,-999.0,-999.0,0.00369,-999.0,-999.000,-999.000,0.67242,-999.0,-999.0,-999.0,-999.000,-999.000,0.04876,1.98545,-999.0,-999.0,-999.000,-999.0,-999.0,-999.0,-999.000,0.40113,-999.000,-999.000,-999.0,-999.000,-999.000,-999.0,-999.000,-999.000,-999.000
371400002,116.362,37.444,-999.0,-999.0,-999.0,-999.0,-999.0,-999.0,-999.0,-999.0,-999.0,-999.0,-999.0,-999.0,-999.0,-999.0,-999.0,-999.0,-999.000,-999.000,-999.0,-999.0,-999.0,-999.0,-999.000,-999.000,-999.0,-999.0,-999.0,-999.0,-999.000,-999.0,-999.0,-999.0,-999.000,-999.0,-999.000,-999.000,-999.0,-999.000,-999.000,-999.0,-999.000,-999.000,-999.000
1320500001,120.630,31.286,-999.0,-999.0,-999.0,-999.0,-999.0,-999.0,-999.0,-999.0,-999.0,-999.0,-999.0,-999.0,-999.0,-999.0,-999.0,-999.0,-999.000,-999.000,-999.0,-999.0,-999.0,-999.0,-999.000,-999.000,-999.0,-999.0,-999.0,-999.0,-999.000,-999.0,-999.0,-999.0,-999.000,-999.0,-999.000,-999.000,-999.0,-999.000,-999.000,-999.0,-999.000,-999.000,-999.000
110000003,116.322,39.105,-999.0,-999.0,-999.0,-999.0,-999.0,-999.0,-999.0,-999.0,-999.0,-999.0,-999.0,-999.0,-999.0,-999.0,-999.0,-999.0,-999.000,-999.000,-999.0,-999.0,-999.0,-999.0,-999.000,-999.000,-999.0,-999.0,-999.0,-999.0,-999.000,-999.0,-999.0,-999.0,-999.000,-999.0,-999.000,-999.000,-999.0,-999.000,-999.000,-999.0,-999.000,-999.000,-999.000
350100002,119.290,26.110,-999.0,-999.0,-999.0,-999.0,-999.0,-999.0,-999.0,-999.0,-999.0,-999.0,-999.0,-999.0,-999.0,-999.0,-999.0,-999.0,-999.000,-999.000,-999.0,-999.0,-999.0,-999.0,-999.000,-999.000,-999.0,-999.0,-999.0,-999.0,-999.000,-999.0,-999.0,-999.0,-999.000,-999.0,-999.000,-999.000,-999.0,-999.000,-999.000,-999.0,-999.000,-999.000,-999.000
131100002,115.684,37.733,-999.0,-999.0,-999.0,-999.0,-999.0,-999.0,-999.0,-999.0,-999.0,-999.0,-999.0,-999.0,-999.0,-999.0,-999.0,-999.0,-999.000,-999.000,-999.0,-999.0,-999.0,-999.0,-999.000,-999.000,-999.0,-999.0,-999.0,-999.0,-999.000,-999.0,-999.0,-999.0,-999.000,-999.0,-999.000,-999.000,-999.0,-999.000,-999.000,-999.0,-999.000,-999.000,-999.000
130600002,115.481,38.836,-999.0,-999.0,-999.0,-999.0,-999.0,-999.0,-999.0,-999.0,-999.0,-999.0,-999.0,-999.0,-999.0,-999.0,-999.0,-999.0,-999.000,-999.000,-999.0,-999.0,-999.0,-999.0,-999.000,-999.000,-999.0,-999.0,-999.0,-999.0,-999.000,-999.0,-999.0,-999.0,-999.000,-999.0,-999.000,-999.000,-999.0,-999.000,-999.000,-999.0,-999.000,-999.000,-999.000
1320600001,120.948,31.991,-999.0,-999.0,-999.0,-999.0,-999.0,-999.0,-999.0,-999.0,-999.0,-999.0,-999.0,-999.0,-999.0,-999.0,-999.0,-999.0,-999.000,-999.000,-999.0,-999.0,-999.0,-999.0,-999.000,-999.000,-999.0,-999.0,-999.0,-999.0,-999.000,-999.0,-999.0,-999.0,-999.000,-999.0,-999.000,-999.000,-999.0,-999.000,-999.000,-999.0,-999.000,-999.000,-999.000
410600001,114.291,35.722,-999.0,-999.0,-999.0,-999.0,-999.0,-999.0,-999.0,-999.0,-999.0,-999.0,-999.0,-999.0,-999.0,-999.0,-999.0,-999.0,-999.000,-999.000,-999.0,-999.0,-999.0,-999.0,-999.000,-999.000,-999.0,-999.0,-999.0,-999.0,-999.000,-999.0,-999.0,-999.0,-999.000,-999.0,-999.000,-999.000,-999.0,-999.000,-999.000,-999.0,-999.000,-999.000,-999.000
370100002,117.062,36.658,-999.0,-999.0,-999.0,-999.0,-999.0,-999.0,-999.0,-999.0,-999.0,-999.0,-999.0,11.64833,5.17888,-999.0,-999.0,1.03545,-999.000,-999.000,-999.0,-999.0,-999.0,-999.0,-999.000,-999.000,-999.0,-999.0,-999.0,-999.0,-999.000,-999.0,-999.0,-999.0,-999.000,-999.0,-999.000,-999.000,-999.0,-999.000,-999.000,-999.0,-999.000,-999.000,-999.000
130100004,114.536,38.025,-999.0,-999.0,-999.0,-999.0,-999.0,-999.0,-999.0,-999.0,-999.0,-999.0,-999.0,-999.0,-999.0,-999.0,-999.0,-999.0,-999.000,-999.000,-999.0,-999.0,-999.0,-999.0,-999.000,-999.000,-999.0,-999.0,-999.0,-999.0,-999.000,-999.0,-999.0,-999.0,-999.000,-999.0,-999.000,-999.000,-999.0,-999.000,-999.000,-999.0,-999.000,-999.000,-999.000
1340100001,117.196,31.785,-999.0,-999.0,-999.0,-999.0,-999.0,-999.0,-999.0,-999.0,-999.0,-999.0,-999.0,-999.0,-999.0,-999.0,-999.0,-999.0,-999.000,-999.000,-999.0,-999.0,-999.0,-999.0,-999.000,-999.000,-999.0,-999.0,-999.0,-999.0,-999.000,-999.0,-999.0,-999.0,-999.000,-999.0,-999.000,-999.000,-999.0,-999.000,-999.000,-999.0,-999.000,-999.000,-999.000
371600001,118.006,37.380,-999.0,-999.0,-999.0,-999.0,-999.0,-999.0,-999.0,-999.0,-999.0,-999.0,-999.0,9.28867,3.05404,-999.0,-999.0,-999.0,-999.000,-999.000,-999.0,-999.0,-999.0,-999.0,-999.000,-999.000,-999.0,-999.0,-999.0,-999.0,-999.000,-999.0,-999.0,-999.0,-999.000,-999.0,-999.000,-999.000,-999.0,-999.000,-999.000,-999.0,-999.000,-999.000,-999.000
110000001,116.415,40.041,-999.0,-999.0,-999.0,-999.0,-999.0,-999.0,-999.0,-999.0,-999.0,-999.0,-999.0,-999.0,-999.0,-999.0,-999.0,-999.0,-999.000,-999.000,-999.0,-999.0,-999.0,-999.0,-999.000,-999.000,-999.0,-999.0,-999.0,-999.0,-999.000,-999.0,-999.0,-999.0,-999.000,-999.0,-999.000,-999.000,-999.0,-999.000,-999.000,-999.0,-999.000,-999.000,-999.000
110000012,116.426,40.048,97.92000,66.83000,-999.0,-999.0,-999.0,-999.0,-999.0,-999.0,-999.0,-999.0,-999.0,1.52500,-999.0,-999.0,-999.0,-999.0,-999.000,-999.000,-999.0,-999.0,-999.0,-999.0,-999.000,-999.000,-999.0,-999.0,-999.0,-999.0,-999.000,-999.0,-999.0,-999.0,-999.000,-999.0,-999.000,-999.000,-999.0,-999.000,-999.000,-999.0,-999.000,-999.000,-999.000
1306000001,116.034,39.492,-999.0,-999.0,-999.0,-999.0,-999.0,-999.0,-999.0,-999.0,-999.0,-999.0,-999.0,-999.0,-999.0,-999.0,-999.0,-999.0,-999.000,-999.000,-999.0,-999.0,-999.0,-999.0,-999.000,-999.000,-999.0,-999.0,-999.0,-999.0,-999.000,-999.0,-999.0,-999.0,-999.000,-999.0,-999.000,-999.000,-999.0,-999.000,-999.000,-999.0,-999.000,-999.000,-999.000
1307000001,114.898,40.837,-999.0,-999.0,-999.0,-999.0,-999.0,-999.0,-999.0,-999.0,-999.0,-999.0,-999.0,-999.0,-999.0,-999.0,-999.0,-999.0,-999.000,-999.000,-999.0,-999.0,-999.0,-999.0,-999.000,-999.000,-999.0,-999.0,-999.0,-999.0,-999.000,-999.0,-999.0,-999.0,-999.000,-999.0,-999.000,-999.000,-999.0,-999.000,-999.000,-999.0,-999.000,-999.000,-999.000
1311000001,115.694,37.808,-999.0,-999.0,-999.0,-999.0,-999.0,-999.0,-999.0,-999.0,-999.0,-999.0,-999.0,-999.0,-999.0,-999.0,-999.0,-999.0,-999.000,-999.000,-999.0,-999.0,-999.0,-999.0,-999.000,-999.000,-999.0,-999.0,-999.0,-999.0,-999.000,-999.0,-999.0,-999.0,-999.000,-999.0,-999.000,-999.000,-999.0,-999.000,-999.000,-999.0,-999.000,-999.000,-999.000
3701000001,117.610,36.720,-999.0,-999.0,-999.0,-999.0,-999.0,-999.0,-999.0,-999.0,-999.0,-999.0,-999.0,-999.0,-999.0,-999.0,-999.0,-999.0,-999.000,-999.000,-999.0,-999.0,-999.0,-999.0,-999.000,-999.000,-999.0,-999.0,-999.0,-999.0,-999.000,-999.0,-999.0,-999.0,-999.000,-999.0,-999.000,-999.000,-999.0,-999.000,-999.000,-999.0,-999.000,-999.000,-999.000
1200000004,117.850,39.494,-999.0,-999.0,-999.0,-999.0,-999.0,-999.0,-999.0,-999.0,-999.0,-999.0,-999.0,-999.0,-999.0,-999.0,-999.0,-999.0,-999.000,-999.000,-999.0,-999.0,-999.0,-999.0,-999.000,-999.000,-999.0,-999.0,-999.0,-999.0,-999.000,-999.0,-999.0,-999.0,-999.000,-999.0,-999.000,-999.000,-999.0,-999.000,-999.000,-999.0,-999.000,-999.000,-999.000
120000003,117.223,39.173,-999.0,-999.0,-999.0,-999.0,-999.0,-999.0,-999.0,-999.0,-999.0,-999.0,-999.0,-999.0,-999.0,-999.0,-999.0,-999.0,-999.000,-999.000,-999.0,-999.0,-999.0,-999.0,-999.000,-999.000,-999.0,-999.0,-999.0,-999.0,-999.000,-999.0,-999.0,-999.0,-999.000,-999.0,-999.000,-999.000,-999.0,-999.000,-999.000,-999.0,-999.000,-999.000,-999.000
140100001,112.547,37.874,-999.0,-999.0,-999.0,-999.0,-999.0,-999.0,-999.0,-999.0,-999.0,-999.0,-999.0,-999.0,-999.0,-999.0,-999.0,-999.0,-999.000,-999.000,-999.0,-999.0,-999.0,-999.0,-999.000,-999.000,-999.0,-999.0,-999.0,-999.0,-999.000,-999.0,-999.0,-999.0,-999.000,-999.0,-999.000,-999.000,-999.0,-999.000,-999.000,-999.0,-999.000,-999.000,-999.000
