stationcode,longitude,latitude,PM10,PM25,F-,Cl-,NO3-,SO42-,Ca2+,Na+,K+,NH4+,Mg2+,OC,EC,Hg,As,Si,Ca,Sc,Pd,Co,Mo,K,TI,Al,Sn,Pb,Se,Cr,Cd,Zn,Cu,Ni,Fe,Mn,Ti,Sb,V,Ba,Ag,Br,Te,Ga,Cs
110000006,116.041,39.597,-999.0,-999.0,-999.0,-999.0,-999.0,-999.0,-999.0,-999.0,-999.0,-999.0,-999.0,-999.0,-999.0,-999.0,-999.0,-999.0,-999.0,-999.0,-999.000,-999.0,-999.000,-999.0,-999.0,-999.0,-999.0,-999.000,-999.000,-999.000,-999.000,-999.000,-999.000,-999.000,-999.000,-999.000,-999.000,-999.000,-999.000,-999.000,-999.000,-999.000,-999.000,-999.000,-999.000
371500001,115.974,36.493,-999.0,-999.0,-999.0,-999.0,-999.0,-999.0,-999.0,-999.0,-999.0,-999.0,-999.0,5.28079,1.46154,-999.0,-999.0,-999.0,-999.0,-999.0,-999.000,-999.0,-999.000,-999.0,-999.0,-999.0,-999.0,-999.000,-999.000,-999.000,-999.000,-999.000,-999.000,-999.000,-999.000,-999.000,-999.000,-999.000,-999.000,-999.000,-999.000,-999.000,-999.000,-999.000,-999.000
150100001,111.752,40.841,-999.0,-999.0,-999.0,-999.0,-999.0,-999.0,-999.0,-999.0,-999.0,-999.0,-999.0,-999.0,-999.0,-999.0,-999.0,-999.0,-999.0,-999.0,-999.000,-999.0,-999.000,-999.0,-999.0,-999.0,-999.0,-999.000,-999.000,-999.000,-999.000,-999.000,-999.000,-999.000,-999.000,-999.000,-999.000,-999.000,-999.000,-999.000,-999.000,-999.000,-999.000,-999.000,-999.000
1320100001,118.754,32.055,-999.0,-999.0,-999.0,-999.0,-999.0,-999.0,-999.0,-999.0,-999.0,-999.0,-999.0,-999.0,-999.0,-999.0,-999.0,-999.0,-999.0,-999.0,-999.000,-999.0,-999.000,-999.0,-999.0,-999.0,-999.0,-999.000,-999.000,-999.000,-999.000,-999.000,-999.000,-999.000,-999.000,-999.000,-999.000,-999.000,-999.000,-999.000,-999.000,-999.000,-999.000,-999.000,-999.000
410200001,114.331,34.761,-999.0,-999.0,-999.0,-999.0,-999.0,-999.0,-999.0,-999.0,-999.0,-999.0,-999.0,-999.0,-999.0,-999.0,-999.0,-999.0,-999.0,-999.0,-999.000,-999.0,-999.000,-999.0,-999.0,-999.0,-999.0,-999.000,-999.000,-999.000,-999.000,-999.000,-999.000,-999.000,-999.000,-999.000,-999.000,-999.000,-999.000,-999.000,-999.000,-999.000,-999.000,-999.000,-999.000
140100002,112.482,37.719,-999.0,-999.0,-999.0,-999.0,-999.0,-999.0,-999.0,-999.0,-999.0,-999.0,-999.0,-999.0,-999.0,-999.0,-999.0,1.09153,0.53049,-999.0,-999.000,-999.0,-999.000,3.30031,0.00536,-999.0,-999.0,-999.000,-999.000,-999.000,-999.000,-999.000,-999.000,-999.000,-999.000,-999.000,-999.000,-999.000,-999.000,-999.000,-999.000,-999.000,-999.000,-999.000,-999.000
340100001,117.117,31.470,-999.0,-999.0,-999.0,-999.0,-999.0,-999.0,-999.0,-999.0,-999.0,-999.0,-999.0,-999.0,-999.0,-999.0,-999.0,-999.0,-999.0,-999.0,-999.000,-999.0,-999.000,-999.0,-999.0,-999.0,-999.0,-999.000,-999.000,-999.000,-999.000,-999.000,-999.000,-999.000,-999.000,-999.000,-999.000,-999.000,-999.000,-999.000,-999.000,-999.000,-999.000,-999.000,-999.000
410300001,112.419,34.613,-999.0,-999.0,0.06067,1.78258,20.23433,13.50200,0.71917,1.13721,1.03796,11.10217,0.16700,5.35826,0.98330,-999.0,-999.0,-999.0,-999.0,-999.0,-999.000,-999.0,-999.000,-999.0,-999.0,-999.0,-999.0,-999.000,-999.000,-999.000,-999.000,-999.000,-999.000,-999.000,-999.000,-999.000,-999.000,-999.000,-999.000,-999.000,-999.000,-999.000,-999.000,-999.000,-999.000
610100002,108.935,34.347,-999.0,-999.0,0.02950,1.00412,29.31671,14.27737,0.33042,0.56196,0.36500,19.87908,0.19837,5.44013,0.94483,-999.0,-999.0,-999.0,-999.0,-999.0,-999.000,-999.0,-999.000,-999.0,-999.0,-999.0,-999.0,-999.000,-999.000,-999.000,-999.000,-999.000,-999.000,-999.000,-999.000,-999.000,-999.000,-999.000,-999.000,-999.000,-999.000,-999.000,-999.000,-999.000,-999.000
1320300001,117.256,34.215,-999.0,-999.0,-999.0,-999.0,-999.0,-999.0,-999.0,-999.0,-999.0,-999.0,-999.0,-999.0,-999.0,-999.0,-999.0,-999.0,-999.0,-999.0,-999.000,-999.0,-999.000,-999.0,-999.0,-999.0,-999.0,-999.000,-999.000,-999.000,-999.000,-999.000,-999.000,-999.000,-999.000,-999.000,-999.000,-999.000,-999.000,-999.000,-999.000,-999.000,-999.000,-999.000,-999.000
130600003,115.482,38.926,-999.0,-999.0,-999.0,-999.0,-999.0,-999.0,-999.0,-999.0,-999.0,-999.0,-999.0,-999.0,-999.0,-999.0,-999.0,-999.0,-999.0,-999.0,-999.000,-999.0,-999.000,-999.0,-999.0,-999.0,-999.0,-999.000,-999.000,-999.000,-999.000,-999.000,-999.000,-999.000,-999.000,-999.000,-999.000,-999.000,-999.000,-999.000,-999.000,-999.000,-999.000,-999.000,-999.000
130500001,114.482,37.066,-999.0,-999.0,-999.0,-999.0,-999.0,-999.0,-999.0,-999.0,-999.0,-999.0,-999.0,-999.0,-999.0,-999.0,-999.0,-999.0,-999.0,-999.0,-999.000,-999.0,-999.000,-999.0,-999.0,-999.0,-999.0,-999.000,-999.000,-999.000,-999.000,-999.000,-999.000,-999.000,-999.000,-999.000,-999.000,-999.000,-999.000,-999.000,-999.000,-999.000,-999.000,-999.000,-999.000
110000005,116.326,39.521,-999.0,-999.0,-999.0,-999.0,-999.0,-999.0,-999.0,-999.0,-999.0,-999.0,-999.0,-999.0,-999.0,-999.0,-999.0,-999.0,-999.0,-999.0,-999.000,-999.0,-999.000,-999.0,-999.0,-999.0,-999.0,-999.000,-999.000,-999.000,-999.000,-999.000,-999.000,-999.000,-999.000,-999.000,-999.000,-999.000,-999.000,-999.000,-999.000,-999.000,-999.000,-999.000,-999.000
1640100001,106.225,38.489,-999.0,-999.0,-999.0,-999.0,-999.0,-999.0,-999.0,-999.0,-999.0,-999.0,-999.0,-999.0,-999.0,-999.0,-999.0,-999.0,-999.0,-999.0,-999.000,-999.0,-999.000,-999.0,-999.0,-999.0,-999.0,-999.000,-999.000,-999.000,-999.000,-999.000,-999.000,-999.000,-999.000,-999.000,-999.000,-999.000,-999.000,-999.000,-999.000,-999.000,-999.000,-999.000,-999.000
130700002,114.904,40.769,-999.0,-999.0,-999.0,-999.0,-999.0,-999.0,-999.0,-999.0,-999.0,-999.0,-999.0,-999.0,-999.0,-999.0,-999.0,-999.0,-999.0,-999.0,-999.000,-999.0,-999.000,-999.0,-999.0,-999.0,-999.0,-999.000,-999.000,-999.000,-999.000,-999.000,-999.000,-999.000,-999.000,-999.000,-999.000,-999.000,-999.000,-999.000,-999.000,-999.000,-999.000,-999.000,-999.000
141000001,111.526,36.063,-999.0,-999.0,0.27700,0.69600,27.01800,16.35100,0.34300,0.26800,0.11300,17.61300,0.08000,7.25300,2.25700,-999.0,-999.0,-999.0,-999.0,-999.0,-999.000,-999.0,-999.000,-999.0,-999.0,-999.0,-999.0,-999.000,-999.000,-999.000,-999.000,-999.000,-999.000,-999.000,-999.000,-999.000,-999.000,-999.000,-999.000,-999.000,-999.000,-999.000,-999.000,-999.000,-999.000
1411200001,111.278,34.716,-999.0,-999.0,-999.0,-999.0,-999.0,-999.0,-999.0,-999.0,-999.0,-999.0,-999.0,-999.0,-999.0,-999.0,-999.0,-999.0,-999.0,-999.0,-999.000,-999.0,-999.000,-999.0,-999.0,-999.0,-999.0,-999.000,-999.000,-999.000,-999.000,-999.000,-999.000,-999.000,-999.000,-999.000,-999.000,-999.000,-999.000,-999.000,-999.000,-999.000,-999.000,-999.000,-999.000
130300002,119.584,39.955,-999.0,-999.0,-999.0,-999.0,-999.0,-999.0,-999.0,-999.0,-999.0,-999.0,-999.0,-999.0,-999.0,-999.0,-999.0,-999.0,-999.0,-999.0,-999.000,-999.0,-999.000,-999.0,-999.0,-999.0,-999.0,-999.000,-999.000,-999.000,-999.000,-999.000,-999.000,-999.000,-999.000,-999.000,-999.000,-999.000,-999.000,-999.000,-999.000,-999.000,-999.000,-999.000,-999.000
140500001,112.857,35.488,-999.0,-999.0,-999.0,-999.0,-999.0,-999.0,-999.0,-999.0,-999.0,-999.0,-999.0,-999.0,-999.0,-999.0,-999.0,-999.0,-999.0,-999.0,-999.000,-999.0,-999.000,-999.0,-999.0,-999.0,-999.0,-999.000,-999.000,-999.000,-999.000,-999.000,-999.000,-999.000,-999.000,-999.000,-999.000,-999.000,-999.000,-999.000,-999.000,-999.000,-999.000,-999.000,-999.000
140300001,113.589,37.848,-999.0,-999.0,-999.0,-999.0,-999.0,-999.0,-999.0,-999.0,-999.0,-999.0,-999.0,-999.0,-999.0,-999.0,-999.0,-999.0,-999.0,-999.0,-999.000,-999.0,-999.000,-999.0,-999.0,-999.0,-999.0,-999.000,-999.000,-999.000,-999.000,-999.000,-999.000,-999.000,-999.000,-999.000,-999.000,-999.000,-999.000,-999.000,-999.000,-999.000,-999.000,-999.000,-999.000
120000005,117.042,39.384,-999.0,-999.0,-999.0,-999.0,-999.0,-999.0,-999.0,-999.0,-999.0,-999.0,-999.0,-999.0,-999.0,-999.0,-999.0,-999.0,-999.0,-999.0,-999.000,-999.0,-999.000,-999.0,-999.0,-999.0,-999.0,-999.000,-999.000,-999.000,-999.000,-999.000,-999.000,-999.000,-999.000,-999.000,-999.000,-999.000,-999.000,-999.000,-999.000,-999.000,-999.000,-999.000,-999.000
320100001,118.762,32.066,-999.0,-999.0,-999.0,-999.0,-999.0,-999.0,-999.0,-999.0,-999.0,-999.0,-999.0,-999.0,-999.0,-999.0,-999.0,-999.0,-999.0,-999.0,-999.000,-999.0,-999.000,-999.0,-999.0,-999.0,-999.0,-999.000,-999.000,-999.000,-999.000,-999.000,-999.000,-999.000,-999.000,-999.000,-999.000,-999.000,-999.000,-999.000,-999.000,-999.000,-999.000,-999.000,-999.000
370100001,117.171,36.669,-999.0,-999.0,-999.0,-999.0,-999.0,-999.0,-999.0,-999.0,-999.0,-999.0,-999.0,-999.0,-999.0,-999.0,-999.0,-999.0,-999.0,-999.0,-999.000,-999.0,-999.000,-999.0,-999.0,-999.0,-999.0,-999.000,-999.000,-999.000,-999.000,-999.000,-999.000,-999.000,-999.000,-999.000,-999.000,-999.000,-999.000,-999.000,-999.000,-999.000,-999.000,-999.000,-999.000
110000016,116.732,40.203,-999.0,-999.0,-999.0,-999.0,-999.0,-999.0,-999.0,-999.0,-999.0,-999.0,-999.0,-999.0,-999.0,-999.0,-999.0,-999.0,-999.0,-999.0,-999.000,-999.0,-999.000,-999.0,-999.0,-999.0,-999.0,-999.000,-999.000,-999.000,-999.000,-999.000,-999.000,-999.000,-999.000,-999.000,-999.000,-999.000,-999.000,-999.000,-999.000,-999.000,-999.000,-999.000,-999.000
120000004,117.283,39.683,-999.0,-999.0,-999.0,-999.0,-999.0,-999.0,-999.0,0.74600,-999.0,0.61300,-999.0,-999.0,-999.0,-999.0,-999.0,-999.0,-999.0,-999.0,-999.000,-999.0,-999.000,-999.0,-999.0,-999.0,-999.0,-999.000,-999.000,-999.000,-999.000,-999.000,-999.000,-999.000,-999.000,-999.000,-999.000,-999.000,-999.000,-999.000,-999.000,-999.000,-999.000,-999.000,-999.000
370300001,117.983,36.835,-999.0,-999.0,-999.0,-999.0,-999.0,-999.0,-999.0,-999.0,-999.0,-999.0,-999.0,4.74609,0.90714,-999.0,-999.0,-999.0,-999.0,-999.0,-999.000,-999.0,-999.000,-999.0,-999.0,-999.0,-999.0,-999.000,-999.000,-999.000,-999.000,-999.000,-999.000,-999.000,-999.000,-999.000,-999.000,-999.000,-999.000,-999.000,-999.000,-999.000,-999.000,-999.000,-999.000
130600004,115.946,38.945,-999.0,-999.0,-999.0,-999.0,-999.0,-999.0,-999.0,-999.0,-999.0,-999.0,-999.0,-999.0,-999.0,-999.0,-999.0,-999.0,-999.0,-999.0,-999.000,-999.0,-999.000,-999.0,-999.0,-999.0,-999.0,-999.000,-999.000,-999.000,-999.000,-999.000,-999.000,-999.000,-999.000,-999.000,-999.000,-999.000,-999.000,-999.000,-999.000,-999.000,-999.000,-999.000,-999.000
140400001,113.110,36.199,-999.0,-999.0,-999.0,-999.0,-999.0,-999.0,-999.0,-999.0,-999.0,-999.0,-999.0,-999.0,-999.0,-999.0,-999.0,-999.0,-999.0,-999.0,-999.000,-999.0,-999.000,-999.0,-999.0,-999.0,-999.0,-999.000,-999.000,-999.000,-999.000,-999.000,-999.000,-999.000,-999.000,-999.000,-999.000,-999.000,-999.000,-999.000,-999.000,-999.000,-999.000,-999.000,-999.000
430100001,113.090,28.204,-999.0,-999.0,-999.0,-999.0,-999.0,-999.0,-999.0,-999.0,-999.0,-999.0,-999.0,-999.0,-999.0,-999.0,-999.0,-999.0,-999.0,-999.0,-999.000,-999.0,-999.000,-999.0,-999.0,-999.0,-999.0,-999.000,-999.000,-999.000,-999.000,-999.000,-999.000,-999.000,-999.000,-999.000,-999.000,-999.000,-999.000,-999.000,-999.000,-999.000,-999.000,-999.000,-999.000
131000005,116.702,39.545,-999.0,-999.0,0.16400,-999.0,-999.0,-999.0,-999.0,-999.0,-999.0,-999.0,-999.0,4.50100,-999.0,-999.0,-999.0,-999.0,-999.0,-999.0,-999.000,-999.0,-999.000,-999.0,-999.0,-999.0,-999.0,-999.000,-999.000,-999.000,-999.000,-999.000,-999.000,-999.000,-999.000,-999.000,-999.000,-999.000,-999.000,-999.000,-999.000,-999.000,-999.000,-999.000,-999.000
110000004,116.424,40.049,-999.0,-999.0,-999.0,-999.0,-999.0,-999.0,-999.0,-999.0,-999.0,-999.0,-999.0,-999.0,-999.0,-999.0,-999.0,-999.0,-999.0,-999.0,-999.000,-999.0,-999.000,-999.0,-999.0,-999.0,-999.0,-999.000,-999.000,-999.000,-999.000,-999.000,-999.000,-999.000,-999.000,-999.000,-999.000,-999.000,-999.000,-999.000,-999.000,-999.000,-999.000,-999.000,-999.000
130900003,116.839,38.304,-999.0,-999.0,-999.0,-999.0,-999.0,-999.0,-999.0,-999.0,-999.0,-999.0,-999.0,-999.0,-999.0,-999.0,-999.0,-999.0,-999.0,-999.0,-999.000,-999.0,-999.000,-999.0,-999.0,-999.0,-999.0,-999.000,-999.000,-999.000,-999.000,-999.000,-999.000,-999.000,-999.000,-999.000,-999.000,-999.000,-999.000,-999.000,-999.000,-999.000,-999.000,-999.000,-999.000
371400003,115.823,36.952,-999.0,-999.0,-999.0,-999.0,-999.0,-999.0,-999.0,-999.0,-999.0,-999.0,-999.0,5.36830,0.80443,-999.0,-999.0,-999.0,-999.0,-999.0,-999.000,-999.0,-999.000,-999.0,-999.0,-999.0,-999.0,-999.000,-999.000,-999.000,-999.000,-999.000,-999.000,-999.000,-999.000,-999.000,-999.000,-999.000,-999.000,-999.000,-999.000,-999.000,-999.000,-999.000,-999.000
130300001,119.622,39.912,-999.0,-999.0,-999.0,-999.0,-999.0,-999.0,-999.0,-999.0,-999.0,-999.0,-999.0,-999.0,-999.0,-999.0,-999.0,-999.0,-999.0,-999.0,-999.000,-999.0,-999.000,-999.0,-999.0,-999.0,-999.0,-999.000,-999.000,-999.000,-999.000,-999.000,-999.000,-999.000,-999.000,-999.000,-999.000,-999.000,-999.000,-999.000,-999.000,-999.000,-999.000,-999.000,-999.000
131000003,116.709,39.551,-999.0,-999.0,-999.0,-999.0,-999.0,-999.0,-999.0,-999.0,-999.0,-999.0,-999.0,-999.0,-999.0,-999.0,-999.0,-999.0,-999.0,-999.0,-999.000,-999.0,-999.000,-999.0,-999.0,-999.0,-999.0,-999.000,-999.000,-999.000,-999.000,-999.000,-999.000,-999.000,-999.000,-999.000,-999.000,-999.000,-999.000,-999.000,-999.000,-999.000,-999.000,-999.000,-999.000
1320200001,120.317,31.513,-999.0,-999.0,-999.0,-999.0,-999.0,-999.0,-999.0,-999.0,-999.0,-999.0,-999.0,-999.0,-999.0,-999.0,-999.0,-999.0,-999.0,-999.0,-999.000,-999.0,-999.000,-999.0,-999.0,-999.0,-999.0,-999.000,-999.000,-999.000,-999.000,-999.000,-999.000,-999.000,-999.000,-999.000,-999.000,-999.000,-999.000,-999.000,-999.000,-999.000,-999.000,-999.000,-999.000
110000010,116.266,39.499,-999.0,-999.0,-999.0,-999.0,-999.0,-999.0,-999.0,-999.0,-999.0,-999.0,-999.0,-999.0,-999.0,-999.0,-999.0,-999.0,-999.0,-999.0,-999.000,-999.0,-999.000,-999.0,-999.0,-999.0,-999.0,-999.000,-999.000,-999.000,-999.000,-999.000,-999.000,-999.000,-999.000,-999.000,-999.000,-999.000,-999.000,-999.000,-999.000,-999.000,-999.000,-999.000,-999.000
130200001,118.130,39.634,-999.0,-999.0,-999.0,-999.0,-999.0,-999.0,-999.0,-999.0,-999.0,-999.0,-999.0,-999.0,-999.0,-999.0,-999.0,-999.0,-999.0,-999.0,-999.000,-999.0,-999.000,-999.0,-999.0,-999.0,-999.0,-999.000,-999.000,-999.000,-999.000,-999.000,-999.000,-999.000,-999.000,-999.000,-999.000,-999.000,-999.000,-999.000,-999.000,-999.000,-999.000,-999.000,-999.000
110000002,116.342,39.727,-999.0,-999.0,-999.0,-999.0,-999.0,-999.0,-999.0,-999.0,-999.0,-999.0,-999.0,-999.0,-999.0,-999.0,-999.0,-999.0,-999.0,-999.0,-999.000,-999.0,-999.000,-999.0,-999.0,-999.0,-999.0,-999.000,-999.000,-999.000,-999.000,-999.000,-999.000,-999.000,-999.000,-999.000,-999.000,-999.000,-999.000,-999.000,-999.000,-999.000,-999.000,-999.000,-999.000
131100003,115.678,37.732,-999.0,-999.0,-999.0,-999.0,-999.0,-999.0,-999.0,-999.0,-999.0,-999.0,-999.0,-999.0,-999.0,-999.0,-999.0,-999.0,-999.0,-999.0,-999.000,-999.0,-999.000,-999.0,-999.0,-999.0,-999.0,-999.000,-999.000,-999.000,-999.000,-999.000,-999.000,-999.000,-999.000,-999.000,-999.000,-999.000,-999.000,-999.000,-999.000,-999.000,-999.000,-999.000,-999.000
110000008,116.684,39.542,-999.0,-999.0,-999.0,-999.0,-999.0,-999.0,-999.0,-999.0,-999.0,-999.0,-999.0,-999.0,-999.0,-999.0,-999.0,-999.0,-999.0,-999.0,-999.000,-999.0,-999.000,-999.0,-999.0,-999.0,-999.0,-999.000,-999.000,-999.000,-999.000,-999.000,-999.000,-999.000,-999.000,-999.000,-999.000,-999.000,-999.000,-999.000,-999.000,-999.000,-999.000,-999.000,-999.000
410500002,114.398,36.089,-999.0,-999.0,-999.0,-999.0,-999.0,-999.0,-999.0,-999.0,-999.0,-999.0,-999.0,-999.0,-999.0,-999.0,-999.0,-999.0,-999.0,-999.0,-999.000,-999.0,-999.000,-999.0,-999.0,-999.0,-999.0,-999.000,-999.000,-999.000,-999.000,-999.000,-999.000,-999.000,-999.000,-999.000,-999.000,-999.000,-999.000,-999.000,-999.000,-999.000,-999.000,-999.000,-999.000
130400002,114.497,36.571,-999.0,-999.0,-999.0,-999.0,-999.0,-999.0,-999.0,-999.0,-999.0,-999.0,-999.0,-999.0,-999.0,-999.0,-999.0,-999.0,-999.0,-999.0,-999.000,-999.0,-999.000,-999.0,-999.0,-999.0,-999.0,-999.000,-999.000,-999.000,-999.000,-999.000,-999.000,-999.000,-999.000,-999.000,-999.000,-999.000,-999.000,-999.000,-999.000,-999.000,-999.000,-999.000,-999.000
370800001,116.623,35.429,-999.0,-999.0,-999.0,-999.0,-999.0,-999.0,-999.0,-999.0,-999.0,-999.0,-999.0,4.29905,0.80941,-999.0,-999.0,-999.0,-999.0,-999.0,-999.000,-999.0,-999.000,-999.0,-999.0,-999.0,-999.0,-999.000,-999.000,-999.000,-999.000,-999.000,-999.000,-999.000,-999.000,-999.000,-999.000,-999.000,-999.000,-999.000,-999.000,-999.000,-999.000,-999.000,-999.000
110000009,116.771,39.628,-999.0,-999.0,-999.0,-999.0,-999.0,-999.0,-999.0,-999.0,-999.0,-999.0,-999.0,-999.0,-999.0,-999.0,-999.0,-999.0,-999.0,-999.0,-999.000,-999.0,-999.000,-999.0,-999.0,-999.0,-999.0,-999.000,-999.000,-999.000,-999.000,-999.000,-999.000,-999.000,-999.000,-999.000,-999.000,-999.000,-999.000,-999.000,-999.000,-999.000,-999.000,-999.000,-999.000
110000011,115.831,39.542,-999.0,-999.0,-999.0,-999.0,-999.0,-999.0,-999.0,-999.0,-999.0,-999.0,-999.0,-999.0,-999.0,-999.0,-999.0,-999.0,-999.0,-999.0,-999.000,-999.0,-999.000,-999.0,-999.0,-999.0,-999.0,-999.000,-999.000,-999.000,-999.000,-999.000,-999.000,-999.000,-999.000,-999.000,-999.000,-999.000,-999.000,-999.000,-999.000,-999.000,-999.000,-999.000,-999.000
120000001,117.159,39.099,-999.0,-999.0,-999.0,-999.0,-999.0,-999.0,-999.0,-999.0,-999.0,-999.0,-999.0,-999.0,-999.0,-999.0,-999.0,-999.0,-999.0,-999.0,-999.000,-999.0,-999.000,-999.0,-999.0,-999.0,-999.0,-999.000,-999.000,-999.000,-999.000,-999.000,-999.000,-999.000,-999.000,-999.000,-999.000,-999.000,-999.000,-999.000,-999.000,-999.000,-999.000,-999.000,-999.000
131000004,117.006,39.761,-999.0,-999.0,-999.0,-999.0,-999.0,-999.0,-999.0,-999.0,-999.0,-999.0,-999.0,-999.0,-999.0,-999.0,-999.0,-999.0,-999.0,-999.0,-999.000,-999.0,-999.000,-999.0,-999.0,-999.0,-999.0,-999.000,-999.000,-999.000,-999.000,-999.000,-999.000,-999.000,-999.000,-999.000,-999.000,-999.000,-999.000,-999.000,-999.000,-999.000,-999.000,-999.000,-999.000
410900001,115.032,35.763,-999.0,-999.0,-999.0,-999.0,-999.0,-999.0,-999.0,-999.0,-999.0,-999.0,-999.0,-999.0,-999.0,-999.0,-999.0,-999.0,-999.0,-999.0,-999.000,-999.0,-999.000,-999.0,-999.0,-999.0,-999.0,-999.000,-999.000,-999.000,-999.000,-999.000,-999.000,-999.000,-999.000,-999.000,-999.000,-999.000,-999.000,-999.000,-999.000,-999.000,-999.000,-999.000,-999.000
410700002,113.924,35.303,-999.0,-999.0,-999.0,-999.0,-999.0,-999.0,-999.0,-999.0,-999.0,-999.0,-999.0,-999.0,-999.0,-999.0,-999.0,-999.0,-999.0,-999.0,-999.000,-999.0,-999.000,-999.0,-999.0,-999.0,-999.0,-999.000,-999.000,-999.000,-999.000,-999.000,-999.000,-999.000,-999.000,-999.000,-999.000,-999.000,-999.000,-999.000,-999.000,-999.000,-999.000,-999.000,-999.000
130100005,114.480,38.094,-999.0,-999.0,-999.0,-999.0,-999.0,-999.0,-999.0,-999.0,-999.0,-999.0,-999.0,-999.0,-999.0,-999.0,-999.0,-999.0,-999.0,-999.0,-999.000,-999.0,-999.000,-999.0,-999.0,-999.0,-999.0,-999.000,-999.000,-999.000,-999.000,-999.000,-999.000,-999.000,-999.000,-999.000,-999.000,-999.000,-999.000,-999.000,-999.000,-999.000,-999.000,-999.000,-999.000
120000006,117.412,40.055,-999.0,-999.0,-999.0,-999.0,-999.0,-999.0,-999.0,-999.0,-999.0,-999.0,-999.0,-999.0,-999.0,-999.0,-999.0,-999.0,-999.0,-999.0,-999.000,-999.0,-999.000,-999.0,-999.0,-999.0,-999.0,-999.000,-999.000,-999.000,-999.000,-999.000,-999.000,-999.000,-999.000,-999.000,-999.000,-999.000,-999.000,-999.000,-999.000,-999.000,-999.000,-999.000,-999.000
410100002,113.606,34.748,-999.0,-999.0,-999.0,-999.0,-999.0,-999.0,-999.0,-999.0,-999.0,-999.0,-999.0,-999.0,-999.0,-999.0,-999.0,-999.0,-999.0,-999.0,-999.000,-999.0,-999.000,-999.0,-999.0,-999.0,-999.0,-999.000,-999.000,-999.000,-999.000,-999.000,-999.000,-999.000,-999.000,-999.000,-999.000,-999.000,-999.000,-999.000,-999.000,-999.000,-999.000,-999.000,-999.000
130700003,114.895,40.834,-999.0,-999.0,-999.0,-999.0,-999.0,-999.0,-999.0,-999.0,-999.0,-999.0,-999.0,-999.0,-999.0,-999.0,-999.0,-999.0,-999.0,-999.0,-999.000,-999.0,-999.000,-999.0,-999.0,-999.0,-999.0,-999.000,-999.000,-999.000,-999.000,-999.000,-999.000,-999.000,-999.000,-999.000,-999.000,-999.000,-999.000,-999.000,-999.000,-999.000,-999.000,-999.000,-999.000
130500002,114.532,37.086,-999.0,-999.0,-999.0,-999.0,-999.0,-999.0,-999.0,-999.0,0.02400,-999.0,0.00800,-999.0,-999.0,-999.0,-999.0,-999.0,-999.0,-999.0,-999.000,-999.0,-999.000,-999.0,-999.0,-999.0,-999.0,-999.000,-999.000,-999.000,-999.000,-999.000,-999.000,-999.000,-999.000,-999.000,-999.000,-999.000,-999.000,-999.000,-999.000,-999.000,-999.000,-999.000,-999.000
410800001,113.279,35.206,-999.0,-999.0,-999.0,-999.0,-999.0,-999.0,-999.0,-999.0,-999.0,-999.0,-999.0,-999.0,-999.0,-999.0,-999.0,-999.0,-999.0,-999.0,-999.000,-999.0,-999.000,-999.0,-999.0,-999.0,-999.0,-999.000,-999.000,-999.000,-999.000,-999.000,-999.000,-999.000,-999.000,-999.000,-999.000,-999.000,-999.000,-999.000,-999.000,-999.000,-999.000,-999.000,-999.000
130200002,118.193,39.623,-999.0,-999.0,0.80200,-999.0,-999.0,-999.0,-999.0,-999.0,-999.0,-999.0,0.22300,-999.0,-999.0,-999.0,-999.0,-999.0,-999.0,-999.0,-999.000,-999.0,-999.000,-999.0,-999.0,-999.0,-999.0,-999.000,-999.000,-999.000,-999.000,-999.000,-999.000,-999.000,-999.000,-999.000,-999.000,-999.000,-999.000,-999.000,-999.000,-999.000,-999.000,-999.000,-999.000
410500001,114.399,36.089,-999.0,-999.0,-999.0,-999.0,-999.0,-999.0,-999.0,-999.0,-999.0,-999.0,-999.0,-999.0,-999.0,-999.0,-999.0,-999.0,-999.0,-999.0,-999.000,-999.0,-999.000,-999.0,-999.0,-999.0,-999.0,-999.000,-999.000,-999.000,-999.000,-999.000,-999.000,-999.000,-999.000,-999.000,-999.000,-999.000,-999.000,-999.000,-999.000,-999.000,-999.000,-999.000,-999.000
140800001,110.968,35.031,-999.0,-999.0,0.44338,0.95929,29.87979,16.79954,0.45046,0.54254,0.38346,14.87800,0.10029,7.02696,1.50300,-999.0,-999.0,-999.0,-999.0,-999.0,-999.000,-999.0,-999.000,-999.0,-999.0,-999.0,-999.0,-999.000,-999.000,-999.000,-999.000,-999.000,-999.000,-999.000,-999.000,-999.000,-999.000,-999.000,-999.000,-999.000,-999.000,-999.000,-999.000,-999.000,-999.000
371700001,115.522,35.213,-999.0,-999.0,-999.0,-999.0,-999.0,-999.0,-999.0,-999.0,-999.0,-999.0,-999.0,4.61683,0.97746,-999.0,-999.0,-999.0,-999.0,-999.0,-999.000,-999.0,-999.000,-999.0,-999.0,-999.0,-999.0,-999.000,-999.000,-999.000,-999.000,-999.000,-999.000,-999.000,-999.000,-999.000,-999.000,-999.000,-999.000,-999.000,-999.000,-999.000,-999.000,-999.000,-999.000
410100003,113.733,34.772,-999.0,-999.0,-999.0,-999.0,-999.0,-999.0,-999.0,-999.0,-999.0,-999.0,-999.0,-999.0,-999.0,-999.0,0.00875,-999.0,1.19046,0.00422,-999.000,0.00348,-999.000,-999.0,-999.0,-999.0,-999.0,-999.000,-999.000,-999.000,-999.000,-999.000,-999.000,-999.000,-999.000,-999.000,-999.000,-999.000,-999.000,-999.000,-999.000,-999.000,-999.000,-999.000,-999.000
371400002,116.362,37.444,-999.0,-999.0,-999.0,-999.0,-999.0,-999.0,-999.0,-999.0,-999.0,-999.0,-999.0,-999.0,-999.0,-999.0,-999.0,-999.0,-999.0,-999.0,-999.000,-999.0,-999.000,-999.0,-999.0,-999.0,-999.0,-999.000,-999.000,-999.000,-999.000,-999.000,-999.000,-999.000,-999.000,-999.000,-999.000,-999.000,-999.000,-999.000,-999.000,-999.000,-999.000,-999.000,-999.000
1320500001,120.630,31.286,-999.0,-999.0,-999.0,-999.0,-999.0,-999.0,-999.0,-999.0,-999.0,-999.0,-999.0,-999.0,-999.0,-999.0,-999.0,-999.0,-999.0,-999.0,-999.000,-999.0,-999.000,-999.0,-999.0,-999.0,-999.0,-999.000,-999.000,-999.000,-999.000,-999.000,-999.000,-999.000,-999.000,-999.000,-999.000,-999.000,-999.000,-999.000,-999.000,-999.000,-999.000,-999.000,-999.000
110000003,116.322,39.105,-999.0,-999.0,-999.0,-999.0,-999.0,-999.0,-999.0,-999.0,-999.0,-999.0,-999.0,-999.0,-999.0,-999.0,-999.0,-999.0,-999.0,-999.0,-999.000,-999.0,-999.000,-999.0,-999.0,-999.0,-999.0,-999.000,-999.000,-999.000,-999.000,-999.000,-999.000,-999.000,-999.000,-999.000,-999.000,-999.000,-999.000,-999.000,-999.000,-999.000,-999.000,-999.000,-999.000
350100002,119.290,26.110,-999.0,-999.0,-999.0,-999.0,-999.0,-999.0,-999.0,-999.0,-999.0,-999.0,-999.0,-999.0,-999.0,-999.0,-999.0,-999.0,-999.0,-999.0,-999.000,-999.0,-999.000,-999.0,-999.0,-999.0,-999.0,-999.000,-999.000,-999.000,-999.000,-999.000,-999.000,-999.000,-999.000,-999.000,-999.000,-999.000,-999.000,-999.000,-999.000,-999.000,-999.000,-999.000,-999.000
131100002,115.684,37.733,-999.0,-999.0,-999.0,-999.0,-999.0,-999.0,-999.0,-999.0,-999.0,-999.0,-999.0,-999.0,-999.0,-999.0,-999.0,-999.0,-999.0,-999.0,-999.000,-999.0,-999.000,-999.0,-999.0,-999.0,-999.0,-999.000,-999.000,-999.000,-999.000,-999.000,-999.000,-999.000,-999.000,-999.000,-999.000,-999.000,-999.000,-999.000,-999.000,-999.000,-999.000,-999.000,-999.000
130600002,115.481,38.836,-999.0,-999.0,-999.0,-999.0,-999.0,-999.0,-999.0,-999.0,-999.0,-999.0,-999.0,-999.0,-999.0,-999.0,-999.0,-999.0,-999.0,-999.0,-999.000,-999.0,-999.000,-999.0,-999.0,-999.0,-999.0,-999.000,-999.000,-999.000,-999.000,-999.000,-999.000,-999.000,-999.000,-999.000,-999.000,-999.000,-999.000,-999.000,-999.000,-999.000,-999.000,-999.000,-999.000
1320600001,120.948,31.991,-999.0,-999.0,-999.0,1.00100,8.63400,9.39500,0.01100,-999.0,-999.0,7.11400,-999.0,-999.0,-999.0,-999.0,-999.0,-999.0,-999.0,-999.0,-999.000,-999.0,-999.000,-999.0,-999.0,-999.0,-999.0,-999.000,-999.000,-999.000,-999.000,-999.000,-999.000,-999.000,-999.000,-999.000,-999.000,-999.000,-999.000,-999.000,-999.000,-999.000,-999.000,-999.000,-999.000
410600001,114.291,35.722,-999.0,-999.0,-999.0,-999.0,-999.0,-999.0,-999.0,-999.0,-999.0,-999.0,-999.0,-999.0,-999.0,-999.0,-999.0,-999.0,-999.0,-999.0,-999.000,-999.0,-999.000,-999.0,-999.0,-999.0,-999.0,-999.000,-999.000,-999.000,-999.000,-999.000,-999.000,-999.000,-999.000,-999.000,-999.000,-999.000,-999.000,-999.000,-999.000,-999.000,-999.000,-999.000,-999.000
370100002,117.062,36.658,-999.0,-999.0,-999.0,-999.0,-999.0,-999.0,-999.0,-999.0,-999.0,-999.0,-999.0,5.67720,1.40920,-999.0,-999.0,-999.0,-999.0,-999.0,-999.000,-999.0,-999.000,-999.0,-999.0,-999.0,-999.0,-999.000,-999.000,-999.000,-999.000,-999.000,-999.000,-999.000,-999.000,-999.000,-999.000,-999.000,-999.000,-999.000,-999.000,-999.000,-999.000,-999.000,-999.000
130100004,114.536,38.025,-999.0,-999.0,-999.0,-999.0,-999.0,-999.0,-999.0,-999.0,-999.0,-999.0,-999.0,-999.0,-999.0,-999.0,-999.0,-999.0,-999.0,-999.0,-999.000,-999.0,-999.000,-999.0,-999.0,-999.0,-999.0,-999.000,-999.000,-999.000,-999.000,-999.000,-999.000,-999.000,-999.000,-999.000,-999.000,-999.000,-999.000,-999.000,-999.000,-999.000,-999.000,-999.000,-999.000
1340100001,117.196,31.785,-999.0,-999.0,-999.0,-999.0,-999.0,-999.0,-999.0,-999.0,-999.0,-999.0,-999.0,-999.0,-999.0,-999.0,-999.0,-999.0,-999.0,-999.0,-999.000,-999.0,-999.000,-999.0,-999.0,-999.0,-999.0,-999.000,-999.000,-999.000,-999.000,-999.000,-999.000,-999.000,-999.000,-999.000,-999.000,-999.000,-999.000,-999.000,-999.000,-999.000,-999.000,-999.000,-999.000
371600001,118.006,37.380,-999.0,-999.0,-999.0,-999.0,-999.0,-999.0,-999.0,-999.0,-999.0,-999.0,-999.0,3.25096,0.86167,-999.0,-999.0,-999.0,-999.0,-999.0,-999.000,-999.0,-999.000,-999.0,-999.0,-999.0,-999.0,-999.000,-999.000,-999.000,-999.000,-999.000,-999.000,-999.000,-999.000,-999.000,-999.000,-999.000,-999.000,-999.000,-999.000,-999.000,-999.000,-999.000,-999.000
110000001,116.415,40.041,-999.0,-999.0,-999.0,-999.0,-999.0,-999.0,-999.0,-999.0,-999.0,-999.0,-999.0,-999.0,-999.0,-999.0,-999.0,-999.0,-999.0,-999.0,-999.000,-999.0,-999.000,-999.0,-999.0,-999.0,-999.0,-999.000,-999.000,-999.000,-999.000,-999.000,-999.000,-999.000,-999.000,-999.000,-999.000,-999.000,-999.000,-999.000,-999.000,-999.000,-999.000,-999.000,-999.000
110000012,116.426,40.048,34.35000,26.12000,-999.0,0.25000,2.78000,1.45000,0.06000,0.08000,0.06000,1.38000,0.03000,0.09000,0.19000,0.00118,-999.0,-999.0,-999.0,-999.0,-999.000,-999.0,-999.000,-999.0,-999.0,-999.0,-999.0,-999.000,-999.000,-999.000,-999.000,-999.000,-999.000,-999.000,-999.000,-999.000,-999.000,-999.000,-999.000,-999.000,-999.000,-999.000,-999.000,-999.000,-999.000
1306000001,116.034,39.492,-999.0,-999.0,-999.0,-999.0,-999.0,-999.0,-999.0,-999.0,-999.0,-999.0,-999.0,-999.0,-999.0,-999.0,-999.0,-999.0,-999.0,-999.0,-999.000,-999.0,-999.000,-999.0,-999.0,-999.0,-999.0,-999.000,-999.000,-999.000,-999.000,-999.000,-999.000,-999.000,-999.000,-999.000,-999.000,-999.000,-999.000,-999.000,-999.000,-999.000,-999.000,-999.000,-999.000
1307000001,114.898,40.837,-999.0,-999.0,-999.0,-999.0,-999.0,-999.0,-999.0,-999.0,-999.0,-999.0,-999.0,-999.0,-999.0,-999.0,-999.0,-999.0,-999.0,-999.0,-999.000,-999.0,-999.000,-999.0,-999.0,-999.0,-999.0,-999.000,-999.000,-999.000,-999.000,-999.000,-999.000,-999.000,-999.000,-999.000,-999.000,-999.000,-999.000,-999.000,-999.000,-999.000,-999.000,-999.000,-999.000
1311000001,115.694,37.808,-999.0,-999.0,-999.0,-999.0,-999.0,-999.0,-999.0,-999.0,-999.0,-999.0,-999.0,-999.0,-999.0,-999.0,-999.0,-999.0,-999.0,-999.0,-999.000,-999.0,-999.000,-999.0,-999.0,-999.0,-999.0,-999.000,-999.000,-999.000,-999.000,-999.000,-999.000,-999.000,-999.000,-999.000,-999.000,-999.000,-999.000,-999.000,-999.000,-999.000,-999.000,-999.000,-999.000
3701000001,117.610,36.720,-999.0,-999.0,-999.0,-999.0,-999.0,-999.0,-999.0,-999.0,-999.0,-999.0,-999.0,-999.0,-999.0,-999.0,-999.0,-999.0,-999.0,-999.0,-999.000,-999.0,-999.000,-999.0,-999.0,-999.0,-999.0,-999.000,-999.000,-999.000,-999.000,-999.000,-999.000,-999.000,-999.000,-999.000,-999.000,-999.000,-999.000,-999.000,-999.000,-999.000,-999.000,-999.000,-999.000
1200000004,117.850,39.494,-999.0,-999.0,-999.0,-999.0,-999.0,-999.0,-999.0,-999.0,-999.0,-999.0,-999.0,-999.0,-999.0,-999.0,-999.0,-999.0,-999.0,-999.0,-999.000,-999.0,-999.000,-999.0,-999.0,-999.0,-999.0,-999.000,-999.000,-999.000,-999.000,-999.000,-999.000,-999.000,-999.000,-999.000,-999.000,-999.000,-999.000,-999.000,-999.000,-999.000,-999.000,-999.000,-999.000
120000003,117.223,39.173,-999.0,-999.0,-999.0,-999.0,-999.0,-999.0,0.60100,-999.0,-999.0,-999.0,-999.0,-999.0,-999.0,-999.0,-999.0,-999.0,-999.0,-999.0,-999.000,-999.0,-999.000,-999.0,-999.0,0.17113,0.01874,-999.000,-999.000,-999.000,-999.000,-999.000,-999.000,-999.000,-999.000,-999.000,-999.000,-999.000,-999.000,-999.000,-999.000,-999.000,-999.000,-999.000,-999.000
140100001,112.547,37.874,-999.0,-999.0,-999.0,-999.0,-999.0,-999.0,-999.0,-999.0,-999.0,-999.0,-999.0,-999.0,-999.0,-999.0,-999.0,-999.0,-999.0,-999.0,-999.000,-999.0,-999.000,-999.0,-999.0,-999.0,-999.0,-999.000,-999.000,-999.000,-999.000,-999.000,-999.000,-999.000,-999.000,-999.000,-999.000,-999.000,-999.000,-999.000,-999.000,-999.000,-999.000,-999.000,-999.000
