stationcode,longitude,latitude,PM10,PM25,F-,Cl-,NO3-,SO42-,Ca2+,Na+,K+,NH4+,Mg2+,OC,EC,Hg,Br,As,Si,Se,Te,V,Ti,Sc,Pd,Co,K,TI,Cu,Al,Cs,Ag,Zn,Sb,Sn,Mn,Cd,Ni,Ga,Pb,Cr,Fe,Ba,Ca,Mo
110000006,116.041,39.597,-999.0,-999.0,-999.0,-999.0,-999.0,-999.0,-999.0,-999.0,-999.0,-999.0,-999.0,-999.0,-999.0,-999.0,-999.0,-999.0,-999.0,-999.0,-999.000,-999.0,-999.0,-999.0,-999.000,-999.000,-999.0,-999.0,-999.0,-999.000,-999.0,-999.000,-999.0,-999.000,-999.0,-999.0,-999.000,-999.000,-999.0,-999.000,-999.000,-999.000,-999.000,-999.000,-999.000
371500001,115.974,36.493,-999.0,-999.0,-999.0,-999.0,-999.0,-999.0,-999.0,-999.0,-999.0,-999.0,-999.0,5.95424,1.16848,-999.0,-999.0,-999.0,-999.0,-999.0,-999.000,-999.0,-999.0,-999.0,-999.000,-999.000,-999.0,-999.0,-999.0,-999.000,-999.0,-999.000,-999.0,-999.000,-999.0,-999.0,-999.000,-999.000,-999.0,-999.000,-999.000,-999.000,-999.000,-999.000,-999.000
150100001,111.752,40.841,-999.0,-999.0,-999.0,-999.0,-999.0,-999.0,-999.0,-999.0,-999.0,-999.0,-999.0,-999.0,-999.0,-999.0,-999.0,-999.0,-999.0,-999.0,-999.000,-999.0,-999.0,-999.0,-999.000,-999.000,-999.0,-999.0,-999.0,-999.000,-999.0,-999.000,-999.0,-999.000,-999.0,-999.0,-999.000,-999.000,-999.0,-999.000,-999.000,-999.000,-999.000,-999.000,-999.000
1320100001,118.754,32.055,-999.0,-999.0,-999.0,-999.0,-999.0,-999.0,-999.0,-999.0,-999.0,-999.0,-999.0,-999.0,-999.0,-999.0,-999.0,-999.0,-999.0,-999.0,-999.000,-999.0,-999.0,-999.0,-999.000,-999.000,-999.0,-999.0,-999.0,-999.000,-999.0,-999.000,-999.0,-999.000,-999.0,-999.0,-999.000,-999.000,-999.0,-999.000,-999.000,-999.000,-999.000,-999.000,-999.000
410200001,114.331,34.761,-999.0,-999.0,-999.0,-999.0,-999.0,-999.0,-999.0,-999.0,-999.0,-999.0,-999.0,-999.0,-999.0,-999.0,-999.0,-999.0,-999.0,-999.0,-999.000,-999.0,-999.0,-999.0,-999.000,-999.000,-999.0,-999.0,-999.0,-999.000,-999.0,-999.000,-999.0,-999.000,-999.0,-999.0,-999.000,-999.000,-999.0,-999.000,-999.000,-999.000,-999.000,-999.000,-999.000
140100002,112.482,37.719,-999.0,-999.0,-999.0,-999.0,-999.0,-999.0,-999.0,-999.0,-999.0,-999.0,-999.0,-999.0,-999.0,-999.0,0.00059,-999.0,-999.0,-999.0,-999.000,-999.0,-999.0,0.00114,-999.000,-999.000,-999.0,0.00390,-999.0,-999.000,-999.0,-999.000,-999.0,-999.000,-999.0,-999.0,-999.000,-999.000,0.02395,-999.000,-999.000,-999.000,-999.000,-999.000,-999.000
340100001,117.117,31.470,-999.0,-999.0,-999.0,-999.0,-999.0,-999.0,-999.0,-999.0,-999.0,-999.0,-999.0,-999.0,-999.0,-999.0,-999.0,-999.0,-999.0,-999.0,-999.000,-999.0,-999.0,-999.0,-999.000,-999.000,-999.0,-999.0,-999.0,-999.000,-999.0,-999.000,-999.0,-999.000,-999.0,-999.0,-999.000,-999.000,-999.0,-999.000,-999.000,-999.000,-999.000,-999.000,-999.000
410300001,112.419,34.613,-999.0,-999.0,0.23576,1.39382,9.58877,4.23695,1.52624,1.47673,0.41123,1.58182,0.26927,2.82714,0.65695,-999.0,-999.0,-999.0,-999.0,-999.0,-999.000,-999.0,-999.0,-999.0,-999.000,-999.000,-999.0,-999.0,-999.0,-999.000,-999.0,-999.000,-999.0,-999.000,-999.0,-999.0,-999.000,-999.000,-999.0,-999.000,-999.000,-999.000,-999.000,-999.000,-999.000
610100002,108.935,34.347,-999.0,-999.0,0.05004,0.25658,4.91325,1.20767,2.04279,0.31404,0.11471,0.34108,0.15279,2.91467,0.59347,-999.0,-999.0,-999.0,-999.0,-999.0,-999.000,-999.0,-999.0,-999.0,-999.000,-999.000,-999.0,-999.0,-999.0,-999.000,-999.0,-999.000,-999.0,-999.000,-999.0,-999.0,-999.000,-999.000,-999.0,-999.000,-999.000,-999.000,-999.000,-999.000,-999.000
1320300001,117.256,34.215,-999.0,-999.0,-999.0,-999.0,-999.0,-999.0,-999.0,-999.0,-999.0,-999.0,-999.0,-999.0,-999.0,-999.0,-999.0,-999.0,-999.0,-999.0,-999.000,-999.0,-999.0,-999.0,-999.000,-999.000,-999.0,-999.0,-999.0,-999.000,-999.0,-999.000,-999.0,-999.000,-999.0,-999.0,-999.000,-999.000,-999.0,-999.000,-999.000,-999.000,-999.000,-999.000,-999.000
130600003,115.482,38.926,-999.0,-999.0,-999.0,-999.0,-999.0,-999.0,-999.0,-999.0,-999.0,-999.0,-999.0,-999.0,-999.0,-999.0,-999.0,-999.0,-999.0,-999.0,-999.000,-999.0,-999.0,-999.0,-999.000,-999.000,-999.0,-999.0,-999.0,-999.000,-999.0,-999.000,-999.0,-999.000,-999.0,-999.0,-999.000,-999.000,-999.0,-999.000,-999.000,-999.000,-999.000,-999.000,-999.000
130500001,114.482,37.066,-999.0,-999.0,-999.0,-999.0,-999.0,-999.0,-999.0,-999.0,-999.0,-999.0,-999.0,-999.0,-999.0,-999.0,-999.0,-999.0,-999.0,-999.0,-999.000,-999.0,-999.0,-999.0,-999.000,-999.000,-999.0,-999.0,-999.0,-999.000,-999.0,-999.000,-999.0,-999.000,-999.0,-999.0,-999.000,-999.000,-999.0,-999.000,-999.000,-999.000,-999.000,-999.000,-999.000
110000005,116.326,39.521,-999.0,-999.0,-999.0,-999.0,-999.0,-999.0,-999.0,-999.0,-999.0,-999.0,-999.0,-999.0,-999.0,-999.0,-999.0,-999.0,-999.0,-999.0,-999.000,-999.0,-999.0,-999.0,-999.000,-999.000,-999.0,-999.0,-999.0,-999.000,-999.0,-999.000,-999.0,-999.000,-999.0,-999.0,-999.000,-999.000,-999.0,-999.000,-999.000,-999.000,-999.000,-999.000,-999.000
1640100001,106.225,38.489,-999.0,-999.0,-999.0,-999.0,-999.0,-999.0,-999.0,-999.0,-999.0,-999.0,-999.0,-999.0,-999.0,-999.0,-999.0,-999.0,-999.0,-999.0,-999.000,-999.0,-999.0,-999.0,-999.000,-999.000,-999.0,-999.0,-999.0,-999.000,-999.0,-999.000,-999.0,-999.000,-999.0,-999.0,-999.000,-999.000,-999.0,-999.000,-999.000,-999.000,-999.000,-999.000,-999.000
130700002,114.904,40.769,-999.0,-999.0,-999.0,-999.0,-999.0,-999.0,-999.0,-999.0,-999.0,-999.0,-999.0,-999.0,-999.0,-999.0,-999.0,-999.0,-999.0,-999.0,-999.000,-999.0,-999.0,-999.0,-999.000,-999.000,-999.0,-999.0,-999.0,-999.000,-999.0,-999.000,-999.0,-999.000,-999.0,-999.0,-999.000,-999.000,-999.0,-999.000,-999.000,-999.000,-999.000,-999.000,-999.000
141000001,111.526,36.063,-999.0,-999.0,1.21500,0.96700,4.06600,5.72100,1.80800,0.39500,0.12700,2.47300,0.16200,5.77400,1.69000,-999.0,-999.0,-999.0,-999.0,-999.0,-999.000,-999.0,-999.0,-999.0,-999.000,-999.000,-999.0,-999.0,-999.0,-999.000,-999.0,-999.000,-999.0,-999.000,-999.0,-999.0,-999.000,-999.000,-999.0,-999.000,-999.000,-999.000,-999.000,-999.000,-999.000
1411200001,111.278,34.716,-999.0,-999.0,-999.0,-999.0,-999.0,-999.0,-999.0,-999.0,-999.0,-999.0,-999.0,-999.0,-999.0,-999.0,-999.0,-999.0,-999.0,-999.0,-999.000,-999.0,-999.0,-999.0,-999.000,-999.000,-999.0,-999.0,-999.0,-999.000,-999.0,-999.000,-999.0,-999.000,-999.0,-999.0,-999.000,-999.000,-999.0,-999.000,-999.000,-999.000,-999.000,-999.000,-999.000
130300002,119.584,39.955,-999.0,-999.0,-999.0,-999.0,-999.0,-999.0,-999.0,-999.0,-999.0,-999.0,-999.0,-999.0,-999.0,-999.0,-999.0,-999.0,-999.0,-999.0,-999.000,-999.0,-999.0,-999.0,-999.000,-999.000,-999.0,-999.0,-999.0,-999.000,-999.0,-999.000,-999.0,-999.000,-999.0,-999.0,-999.000,-999.000,-999.0,-999.000,-999.000,-999.000,-999.000,-999.000,-999.000
140500001,112.857,35.488,-999.0,-999.0,-999.0,-999.0,-999.0,-999.0,-999.0,-999.0,-999.0,-999.0,-999.0,-999.0,-999.0,-999.0,-999.0,-999.0,-999.0,-999.0,-999.000,-999.0,-999.0,-999.0,-999.000,-999.000,-999.0,-999.0,-999.0,-999.000,-999.0,-999.000,-999.0,-999.000,-999.0,-999.0,-999.000,-999.000,-999.0,-999.000,-999.000,-999.000,-999.000,-999.000,-999.000
140300001,113.589,37.848,-999.0,-999.0,-999.0,-999.0,-999.0,-999.0,-999.0,-999.0,-999.0,-999.0,-999.0,-999.0,-999.0,-999.0,-999.0,-999.0,-999.0,-999.0,-999.000,-999.0,-999.0,-999.0,-999.000,-999.000,-999.0,-999.0,-999.0,-999.000,-999.0,-999.000,-999.0,-999.000,-999.0,-999.0,-999.000,-999.000,-999.0,-999.000,-999.000,-999.000,-999.000,-999.000,-999.000
120000005,117.042,39.384,-999.0,-999.0,17.47900,-999.0,-999.0,-999.0,-999.0,-999.0,-999.0,-999.0,-999.0,-999.0,-999.0,-999.0,-999.0,-999.0,-999.0,-999.0,-999.000,-999.0,-999.0,-999.0,-999.000,-999.000,-999.0,-999.0,-999.0,-999.000,-999.0,-999.000,-999.0,-999.000,-999.0,-999.0,-999.000,-999.000,-999.0,-999.000,-999.000,-999.000,-999.000,-999.000,-999.000
320100001,118.762,32.066,-999.0,-999.0,-999.0,-999.0,-999.0,-999.0,-999.0,-999.0,-999.0,-999.0,-999.0,-999.0,-999.0,-999.0,-999.0,-999.0,-999.0,-999.0,-999.000,-999.0,-999.0,-999.0,-999.000,-999.000,-999.0,-999.0,-999.0,-999.000,-999.0,-999.000,-999.0,-999.000,-999.0,-999.0,-999.000,-999.000,-999.0,-999.000,-999.000,-999.000,-999.000,-999.000,-999.000
370100001,117.171,36.669,-999.0,-999.0,-999.0,-999.0,-999.0,-999.0,-999.0,-999.0,-999.0,-999.0,-999.0,-999.0,-999.0,-999.0,-999.0,-999.0,-999.0,-999.0,-999.000,-999.0,-999.0,-999.0,-999.000,-999.000,-999.0,-999.0,-999.0,-999.000,-999.0,-999.000,-999.0,-999.000,-999.0,-999.0,-999.000,-999.000,-999.0,-999.000,-999.000,-999.000,-999.000,-999.000,-999.000
110000016,116.732,40.203,-999.0,-999.0,-999.0,-999.0,-999.0,-999.0,-999.0,-999.0,-999.0,-999.0,-999.0,-999.0,-999.0,-999.0,-999.0,-999.0,-999.0,-999.0,-999.000,-999.0,-999.0,-999.0,-999.000,-999.000,-999.0,-999.0,-999.0,-999.000,-999.0,-999.000,-999.0,-999.000,-999.0,-999.0,-999.000,-999.000,-999.0,-999.000,-999.000,-999.000,-999.000,-999.000,-999.000
120000004,117.283,39.683,-999.0,-999.0,-999.0,-999.0,-999.0,-999.0,-999.0,1.17100,-999.0,-999.0,-999.0,-999.0,-999.0,-999.0,-999.0,-999.0,-999.0,-999.0,-999.000,-999.0,-999.0,-999.0,-999.000,-999.000,-999.0,-999.0,-999.0,-999.000,-999.0,-999.000,-999.0,-999.000,-999.0,-999.0,-999.000,-999.000,-999.0,-999.000,-999.000,-999.000,-999.000,-999.000,-999.000
370300001,117.983,36.835,-999.0,-999.0,-999.0,-999.0,-999.0,-999.0,-999.0,-999.0,-999.0,-999.0,-999.0,4.67323,1.23750,-999.0,-999.0,-999.0,-999.0,-999.0,-999.000,-999.0,-999.0,-999.0,-999.000,-999.000,-999.0,-999.0,-999.0,-999.000,-999.0,-999.000,-999.0,-999.000,-999.0,-999.0,-999.000,-999.000,-999.0,-999.000,-999.000,-999.000,-999.000,-999.000,-999.000
130600004,115.946,38.945,-999.0,-999.0,-999.0,-999.0,-999.0,-999.0,-999.0,-999.0,-999.0,-999.0,-999.0,-999.0,-999.0,-999.0,-999.0,-999.0,-999.0,-999.0,-999.000,-999.0,-999.0,-999.0,-999.000,-999.000,-999.0,-999.0,-999.0,-999.000,-999.0,-999.000,-999.0,-999.000,-999.0,-999.0,-999.000,-999.000,-999.0,-999.000,-999.000,-999.000,-999.000,-999.000,-999.000
140400001,113.110,36.199,-999.0,-999.0,-999.0,-999.0,-999.0,-999.0,7.24900,-999.0,-999.0,-999.0,-999.0,-999.0,-999.0,-999.0,-999.0,-999.0,-999.0,-999.0,-999.000,-999.0,-999.0,-999.0,-999.000,-999.000,-999.0,-999.0,-999.0,-999.000,-999.0,-999.000,-999.0,-999.000,-999.0,-999.0,-999.000,-999.000,-999.0,-999.000,-999.000,-999.000,-999.000,-999.000,-999.000
430100001,113.090,28.204,-999.0,-999.0,-999.0,-999.0,-999.0,-999.0,-999.0,-999.0,-999.0,-999.0,-999.0,-999.0,-999.0,-999.0,-999.0,-999.0,-999.0,-999.0,-999.000,-999.0,-999.0,-999.0,-999.000,-999.000,-999.0,-999.0,-999.0,-999.000,-999.0,-999.000,-999.0,-999.000,-999.0,-999.0,-999.000,-999.000,-999.0,-999.000,-999.000,-999.000,-999.000,-999.000,-999.000
131000005,116.702,39.545,-999.0,-999.0,-999.0,-999.0,-999.0,-999.0,0.29800,0.42700,-999.0,-999.0,-999.0,-999.0,-999.0,-999.0,-999.0,-999.0,-999.0,-999.0,-999.000,-999.0,-999.0,-999.0,-999.000,-999.000,-999.0,-999.0,-999.0,-999.000,-999.0,-999.000,-999.0,-999.000,-999.0,-999.0,-999.000,-999.000,-999.0,-999.000,-999.000,-999.000,-999.000,-999.000,-999.000
110000004,116.424,40.049,-999.0,-999.0,-999.0,-999.0,-999.0,-999.0,-999.0,-999.0,-999.0,-999.0,-999.0,-999.0,-999.0,-999.0,-999.0,-999.0,-999.0,-999.0,-999.000,-999.0,-999.0,-999.0,-999.000,-999.000,-999.0,-999.0,-999.0,-999.000,-999.0,-999.000,-999.0,-999.000,-999.0,-999.0,-999.000,-999.000,-999.0,-999.000,-999.000,-999.000,-999.000,-999.000,-999.000
130900003,116.839,38.304,-999.0,-999.0,-999.0,-999.0,-999.0,-999.0,-999.0,-999.0,-999.0,-999.0,-999.0,-999.0,-999.0,-999.0,-999.0,-999.0,-999.0,-999.0,-999.000,-999.0,-999.0,-999.0,-999.000,-999.000,-999.0,-999.0,-999.0,-999.000,-999.0,-999.000,-999.0,-999.000,-999.0,-999.0,-999.000,-999.000,-999.0,-999.000,-999.000,-999.000,-999.000,-999.000,-999.000
371400003,115.823,36.952,-999.0,-999.0,-999.0,-999.0,-999.0,-999.0,-999.0,-999.0,-999.0,-999.0,-999.0,4.31150,0.66408,-999.0,-999.0,-999.0,-999.0,-999.0,-999.000,-999.0,-999.0,-999.0,-999.000,-999.000,-999.0,-999.0,-999.0,-999.000,-999.0,-999.000,-999.0,-999.000,-999.0,-999.0,-999.000,-999.000,-999.0,-999.000,-999.000,-999.000,-999.000,-999.000,-999.000
130300001,119.622,39.912,-999.0,-999.0,-999.0,-999.0,-999.0,-999.0,-999.0,-999.0,-999.0,-999.0,-999.0,-999.0,-999.0,-999.0,-999.0,-999.0,-999.0,-999.0,-999.000,-999.0,-999.0,-999.0,-999.000,-999.000,-999.0,-999.0,-999.0,-999.000,-999.0,-999.000,-999.0,-999.000,-999.0,-999.0,-999.000,-999.000,-999.0,-999.000,-999.000,-999.000,-999.000,-999.000,-999.000
131000003,116.709,39.551,-999.0,-999.0,-999.0,-999.0,-999.0,-999.0,-999.0,-999.0,-999.0,-999.0,-999.0,-999.0,-999.0,-999.0,-999.0,-999.0,-999.0,-999.0,-999.000,-999.0,-999.0,-999.0,-999.000,-999.000,-999.0,-999.0,-999.0,-999.000,-999.0,-999.000,-999.0,-999.000,-999.0,-999.0,-999.000,-999.000,-999.0,-999.000,-999.000,-999.000,-999.000,-999.000,-999.000
1320200001,120.317,31.513,-999.0,-999.0,-999.0,-999.0,-999.0,-999.0,-999.0,-999.0,-999.0,-999.0,-999.0,-999.0,-999.0,-999.0,-999.0,-999.0,-999.0,-999.0,-999.000,-999.0,-999.0,-999.0,-999.000,-999.000,-999.0,-999.0,-999.0,-999.000,-999.0,-999.000,-999.0,-999.000,-999.0,-999.0,-999.000,-999.000,-999.0,-999.000,-999.000,-999.000,-999.000,-999.000,-999.000
110000010,116.266,39.499,-999.0,-999.0,-999.0,-999.0,-999.0,-999.0,-999.0,-999.0,-999.0,-999.0,-999.0,-999.0,-999.0,-999.0,-999.0,-999.0,-999.0,-999.0,-999.000,-999.0,-999.0,-999.0,-999.000,-999.000,-999.0,-999.0,-999.0,-999.000,-999.0,-999.000,-999.0,-999.000,-999.0,-999.0,-999.000,-999.000,-999.0,-999.000,-999.000,-999.000,-999.000,-999.000,-999.000
130200001,118.130,39.634,-999.0,-999.0,-999.0,-999.0,-999.0,-999.0,-999.0,-999.0,-999.0,-999.0,-999.0,-999.0,-999.0,-999.0,-999.0,-999.0,-999.0,-999.0,-999.000,-999.0,-999.0,-999.0,-999.000,-999.000,-999.0,-999.0,-999.0,-999.000,-999.0,-999.000,-999.0,-999.000,-999.0,-999.0,-999.000,-999.000,-999.0,-999.000,-999.000,-999.000,-999.000,-999.000,-999.000
110000002,116.342,39.727,-999.0,-999.0,-999.0,-999.0,-999.0,-999.0,-999.0,-999.0,-999.0,-999.0,-999.0,-999.0,-999.0,-999.0,-999.0,-999.0,-999.0,-999.0,-999.000,-999.0,-999.0,-999.0,-999.000,-999.000,-999.0,-999.0,-999.0,-999.000,-999.0,-999.000,-999.0,-999.000,-999.0,-999.0,-999.000,-999.000,-999.0,-999.000,-999.000,-999.000,-999.000,-999.000,-999.000
131100003,115.678,37.732,-999.0,-999.0,-999.0,-999.0,-999.0,-999.0,-999.0,-999.0,-999.0,-999.0,-999.0,-999.0,-999.0,-999.0,-999.0,-999.0,-999.0,-999.0,-999.000,-999.0,-999.0,-999.0,-999.000,-999.000,-999.0,-999.0,-999.0,-999.000,-999.0,-999.000,-999.0,-999.000,-999.0,-999.0,-999.000,-999.000,-999.0,-999.000,-999.000,-999.000,-999.000,-999.000,-999.000
110000008,116.684,39.542,-999.0,-999.0,-999.0,-999.0,-999.0,-999.0,-999.0,-999.0,-999.0,-999.0,-999.0,-999.0,-999.0,-999.0,-999.0,-999.0,-999.0,-999.0,-999.000,-999.0,-999.0,-999.0,-999.000,-999.000,-999.0,-999.0,-999.0,-999.000,-999.0,-999.000,-999.0,-999.000,-999.0,-999.0,-999.000,-999.000,-999.0,-999.000,-999.000,-999.000,-999.000,-999.000,-999.000
410500002,114.398,36.089,-999.0,-999.0,-999.0,-999.0,-999.0,-999.0,-999.0,-999.0,-999.0,-999.0,-999.0,-999.0,-999.0,-999.0,-999.0,-999.0,-999.0,-999.0,-999.000,-999.0,-999.0,-999.0,-999.000,-999.000,-999.0,-999.0,-999.0,-999.000,-999.0,-999.000,-999.0,-999.000,-999.0,-999.0,-999.000,-999.000,-999.0,-999.000,-999.000,-999.000,-999.000,-999.000,-999.000
130400002,114.497,36.571,-999.0,-999.0,-999.0,-999.0,-999.0,-999.0,-999.0,-999.0,0.10000,-999.0,-999.0,-999.0,-999.0,-999.0,-999.0,-999.0,-999.0,-999.0,-999.000,-999.0,-999.0,-999.0,-999.000,-999.000,-999.0,-999.0,-999.0,-999.000,-999.0,-999.000,-999.0,-999.000,-999.0,-999.0,-999.000,-999.000,-999.0,-999.000,-999.000,-999.000,-999.000,-999.000,-999.000
370800001,116.623,35.429,-999.0,-999.0,-999.0,-999.0,-999.0,-999.0,-999.0,-999.0,-999.0,-999.0,-999.0,5.76118,0.88827,-999.0,-999.0,-999.0,-999.0,-999.0,-999.000,-999.0,-999.0,-999.0,-999.000,-999.000,-999.0,-999.0,-999.0,-999.000,-999.0,-999.000,-999.0,-999.000,-999.0,-999.0,-999.000,-999.000,-999.0,-999.000,-999.000,-999.000,-999.000,-999.000,-999.000
110000009,116.771,39.628,-999.0,-999.0,-999.0,-999.0,-999.0,-999.0,-999.0,-999.0,-999.0,-999.0,-999.0,-999.0,-999.0,-999.0,-999.0,-999.0,-999.0,-999.0,-999.000,-999.0,-999.0,-999.0,-999.000,-999.000,-999.0,-999.0,-999.0,-999.000,-999.0,-999.000,-999.0,-999.000,-999.0,-999.0,-999.000,-999.000,-999.0,-999.000,-999.000,-999.000,-999.000,-999.000,-999.000
110000011,115.831,39.542,-999.0,-999.0,-999.0,-999.0,-999.0,-999.0,-999.0,-999.0,-999.0,-999.0,-999.0,-999.0,-999.0,-999.0,-999.0,-999.0,-999.0,-999.0,-999.000,-999.0,-999.0,-999.0,-999.000,-999.000,-999.0,-999.0,-999.0,-999.000,-999.0,-999.000,-999.0,-999.000,-999.0,-999.0,-999.000,-999.000,-999.0,-999.000,-999.000,-999.000,-999.000,-999.000,-999.000
120000001,117.159,39.099,-999.0,-999.0,-999.0,-999.0,-999.0,-999.0,-999.0,-999.0,-999.0,-999.0,-999.0,-999.0,-999.0,-999.0,-999.0,-999.0,-999.0,-999.0,-999.000,-999.0,-999.0,-999.0,-999.000,-999.000,-999.0,-999.0,-999.0,-999.000,-999.0,-999.000,-999.0,-999.000,-999.0,-999.0,-999.000,-999.000,-999.0,-999.000,-999.000,-999.000,-999.000,-999.000,-999.000
131000004,117.006,39.761,-999.0,-999.0,-999.0,-999.0,-999.0,-999.0,-999.0,-999.0,-999.0,-999.0,-999.0,-999.0,-999.0,-999.0,-999.0,-999.0,-999.0,-999.0,-999.000,-999.0,-999.0,-999.0,-999.000,-999.000,-999.0,-999.0,-999.0,-999.000,-999.0,-999.000,-999.0,-999.000,-999.0,-999.0,-999.000,-999.000,-999.0,-999.000,-999.000,-999.000,-999.000,-999.000,-999.000
410900001,115.032,35.763,-999.0,-999.0,-999.0,-999.0,-999.0,-999.0,-999.0,-999.0,-999.0,-999.0,-999.0,-999.0,-999.0,-999.0,-999.0,-999.0,-999.0,-999.0,-999.000,-999.0,-999.0,-999.0,-999.000,-999.000,-999.0,-999.0,-999.0,-999.000,-999.0,-999.000,-999.0,-999.000,-999.0,-999.0,-999.000,-999.000,-999.0,-999.000,-999.000,-999.000,-999.000,-999.000,-999.000
410700002,113.924,35.303,-999.0,-999.0,2.30000,-999.0,-999.0,-999.0,-999.0,-999.0,-999.0,-999.0,-999.0,-999.0,-999.0,-999.0,-999.0,-999.0,-999.0,-999.0,-999.000,-999.0,-999.0,-999.0,-999.000,-999.000,-999.0,-999.0,-999.0,-999.000,-999.0,-999.000,-999.0,-999.000,-999.0,-999.0,-999.000,-999.000,-999.0,-999.000,-999.000,-999.000,-999.000,-999.000,-999.000
130100005,114.480,38.094,-999.0,-999.0,-999.0,-999.0,-999.0,-999.0,-999.0,-999.0,-999.0,-999.0,-999.0,-999.0,-999.0,-999.0,0.01301,-999.0,-999.0,-999.0,-999.000,-999.0,-999.0,-999.0,-999.000,-999.000,-999.0,-999.0,-999.0,-999.000,0.00611,-999.000,-999.0,-999.000,-999.0,-999.0,-999.000,-999.000,-999.0,-999.000,-999.000,-999.000,-999.000,-999.000,-999.000
120000006,117.412,40.055,-999.0,-999.0,0.33100,0.30100,-999.0,4.25400,0.69000,0.42500,-999.0,-999.0,-999.0,-999.0,-999.0,-999.0,-999.0,-999.0,-999.0,-999.0,-999.000,-999.0,-999.0,-999.0,-999.000,-999.000,-999.0,-999.0,-999.0,-999.000,-999.0,-999.000,-999.0,-999.000,-999.0,-999.0,-999.000,-999.000,-999.0,-999.000,-999.000,-999.000,-999.000,-999.000,-999.000
410100002,113.606,34.748,-999.0,-999.0,-999.0,-999.0,-999.0,-999.0,-999.0,-999.0,-999.0,-999.0,-999.0,-999.0,-999.0,-999.0,-999.0,-999.0,-999.0,-999.0,-999.000,-999.0,-999.0,-999.0,-999.000,-999.000,-999.0,-999.0,-999.0,-999.000,-999.0,-999.000,-999.0,-999.000,-999.0,-999.0,-999.000,-999.000,-999.0,-999.000,-999.000,-999.000,-999.000,-999.000,-999.000
130700003,114.895,40.834,-999.0,-999.0,-999.0,-999.0,-999.0,-999.0,-999.0,-999.0,-999.0,-999.0,-999.0,1.73200,0.45300,-999.0,-999.0,-999.0,-999.0,-999.0,-999.000,-999.0,-999.0,-999.0,-999.000,-999.000,-999.0,-999.0,-999.0,-999.000,-999.0,-999.000,-999.0,-999.000,-999.0,-999.0,-999.000,-999.000,-999.0,-999.000,-999.000,-999.000,-999.000,-999.000,-999.000
130500002,114.532,37.086,-999.0,-999.0,-999.0,-999.0,-999.0,-999.0,-999.0,-999.0,-999.0,-999.0,0.02400,-999.0,-999.0,-999.0,-999.0,-999.0,-999.0,-999.0,-999.000,-999.0,-999.0,-999.0,-999.000,-999.000,-999.0,-999.0,-999.0,-999.000,-999.0,-999.000,-999.0,-999.000,-999.0,-999.0,-999.000,-999.000,-999.0,-999.000,-999.000,-999.000,-999.000,-999.000,-999.000
410800001,113.279,35.206,-999.0,-999.0,-999.0,-999.0,-999.0,-999.0,-999.0,-999.0,-999.0,-999.0,-999.0,-999.0,-999.0,-999.0,-999.0,-999.0,-999.0,-999.0,-999.000,-999.0,-999.0,-999.0,-999.000,-999.000,-999.0,-999.0,-999.0,-999.000,-999.0,-999.000,-999.0,-999.000,-999.0,-999.0,-999.000,-999.000,-999.0,-999.000,-999.000,-999.000,-999.000,-999.000,-999.000
130200002,118.193,39.623,-999.0,-999.0,-999.0,-999.0,-999.0,-999.0,-999.0,-999.0,-999.0,-999.0,-999.0,-999.0,-999.0,-999.0,-999.0,-999.0,-999.0,-999.0,-999.000,-999.0,-999.0,-999.0,-999.000,-999.000,-999.0,-999.0,-999.0,-999.000,-999.0,-999.000,-999.0,-999.000,-999.0,-999.0,-999.000,-999.000,-999.0,-999.000,-999.000,-999.000,-999.000,-999.000,-999.000
410500001,114.399,36.089,-999.0,-999.0,-999.0,-999.0,-999.0,-999.0,-999.0,-999.0,-999.0,-999.0,-999.0,-999.0,-999.0,-999.0,-999.0,-999.0,-999.0,-999.0,-999.000,-999.0,-999.0,-999.0,-999.000,-999.000,-999.0,-999.0,-999.0,-999.000,-999.0,-999.000,-999.0,-999.000,-999.0,-999.0,-999.000,-999.000,-999.0,-999.000,-999.000,-999.000,-999.000,-999.000,-999.000
140800001,110.968,35.031,-999.0,-999.0,0.26950,0.47583,6.07767,2.77583,2.83783,0.61750,0.10821,1.23992,0.22892,5.41788,2.14046,-999.0,-999.0,-999.0,-999.0,-999.0,-999.000,-999.0,-999.0,-999.0,-999.000,-999.000,-999.0,-999.0,-999.0,-999.000,-999.0,-999.000,-999.0,-999.000,-999.0,-999.0,-999.000,-999.000,-999.0,-999.000,-999.000,-999.000,-999.000,-999.000,-999.000
371700001,115.522,35.213,-999.0,-999.0,-999.0,-999.0,-999.0,-999.0,-999.0,-999.0,-999.0,-999.0,-999.0,3.94365,0.92075,-999.0,-999.0,-999.0,-999.0,-999.0,-999.000,-999.0,-999.0,-999.0,-999.000,-999.000,-999.0,-999.0,-999.0,-999.000,-999.0,-999.000,-999.0,-999.000,-999.0,-999.0,-999.000,-999.000,-999.0,-999.000,-999.000,-999.000,-999.000,-999.000,-999.000
410100003,113.733,34.772,-999.0,-999.0,-999.0,-999.0,-999.0,-999.0,-999.0,-999.0,-999.0,-999.0,-999.0,-999.0,-999.0,-999.0,-999.0,0.01376,-999.0,0.00567,-999.000,-999.0,0.04483,-999.0,-999.000,-999.000,-999.0,-999.0,-999.0,-999.000,-999.0,-999.000,0.04878,-999.000,-999.0,0.03192,-999.000,-999.000,-999.0,-999.000,-999.000,-999.000,-999.000,-999.000,-999.000
371400002,116.362,37.444,-999.0,-999.0,-999.0,-999.0,-999.0,-999.0,-999.0,-999.0,-999.0,-999.0,-999.0,-999.0,-999.0,-999.0,-999.0,-999.0,-999.0,-999.0,-999.000,-999.0,-999.0,-999.0,-999.000,-999.000,-999.0,-999.0,-999.0,-999.000,-999.0,-999.000,-999.0,-999.000,-999.0,-999.0,-999.000,-999.000,-999.0,-999.000,-999.000,-999.000,-999.000,-999.000,-999.000
1320500001,120.630,31.286,-999.0,-999.0,-999.0,-999.0,-999.0,-999.0,-999.0,-999.0,-999.0,-999.0,-999.0,-999.0,-999.0,-999.0,-999.0,-999.0,-999.0,-999.0,-999.000,-999.0,-999.0,-999.0,-999.000,-999.000,-999.0,-999.0,-999.0,-999.000,-999.0,-999.000,-999.0,-999.000,-999.0,-999.0,-999.000,-999.000,-999.0,-999.000,-999.000,-999.000,-999.000,-999.000,-999.000
110000003,116.322,39.105,-999.0,-999.0,-999.0,-999.0,-999.0,-999.0,-999.0,-999.0,-999.0,-999.0,-999.0,-999.0,-999.0,-999.0,-999.0,-999.0,-999.0,-999.0,-999.000,-999.0,-999.0,-999.0,-999.000,-999.000,-999.0,-999.0,-999.0,-999.000,-999.0,-999.000,-999.0,-999.000,-999.0,-999.0,-999.000,-999.000,-999.0,-999.000,-999.000,-999.000,-999.000,-999.000,-999.000
350100002,119.290,26.110,-999.0,-999.0,-999.0,-999.0,-999.0,-999.0,-999.0,-999.0,-999.0,-999.0,-999.0,-999.0,-999.0,-999.0,-999.0,-999.0,-999.0,-999.0,-999.000,-999.0,-999.0,-999.0,-999.000,-999.000,-999.0,-999.0,-999.0,-999.000,-999.0,-999.000,-999.0,-999.000,-999.0,-999.0,-999.000,-999.000,-999.0,-999.000,-999.000,-999.000,-999.000,-999.000,-999.000
131100002,115.684,37.733,-999.0,-999.0,-999.0,-999.0,-999.0,-999.0,-999.0,-999.0,-999.0,-999.0,-999.0,-999.0,-999.0,-999.0,-999.0,-999.0,-999.0,-999.0,-999.000,-999.0,-999.0,-999.0,-999.000,-999.000,-999.0,-999.0,-999.0,-999.000,-999.0,-999.000,-999.0,-999.000,-999.0,-999.0,-999.000,-999.000,-999.0,-999.000,-999.000,-999.000,-999.000,-999.000,-999.000
130600002,115.481,38.836,-999.0,-999.0,-999.0,-999.0,-999.0,-999.0,-999.0,-999.0,-999.0,-999.0,-999.0,-999.0,-999.0,-999.0,-999.0,-999.0,-999.0,-999.0,-999.000,-999.0,-999.0,-999.0,-999.000,-999.000,-999.0,-999.0,-999.0,-999.000,-999.0,-999.000,-999.0,-999.000,-999.0,-999.0,-999.000,-999.000,-999.0,-999.000,-999.000,-999.000,-999.000,-999.000,-999.000
1320600001,120.948,31.991,-999.0,-999.0,-999.0,0.78400,13.49000,6.97100,0.01800,-999.0,0.05200,7.15100,0.00800,-999.0,-999.0,-999.0,-999.0,-999.0,-999.0,-999.0,-999.000,-999.0,-999.0,-999.0,-999.000,-999.000,-999.0,-999.0,-999.0,-999.000,-999.0,-999.000,-999.0,-999.000,-999.0,-999.0,-999.000,-999.000,-999.0,-999.000,-999.000,-999.000,-999.000,-999.000,-999.000
410600001,114.291,35.722,-999.0,-999.0,-999.0,-999.0,-999.0,-999.0,-999.0,-999.0,-999.0,-999.0,-999.0,-999.0,-999.0,-999.0,-999.0,-999.0,-999.0,-999.0,-999.000,-999.0,-999.0,-999.0,-999.000,-999.000,-999.0,-999.0,-999.0,-999.000,-999.0,-999.000,-999.0,-999.000,-999.0,-999.0,-999.000,-999.000,-999.0,-999.000,-999.000,-999.000,-999.000,-999.000,-999.000
370100002,117.062,36.658,-999.0,-999.0,-999.0,-999.0,-999.0,-999.0,-999.0,-999.0,-999.0,-999.0,-999.0,6.76512,1.19708,-999.0,0.00949,-999.0,0.73366,-999.0,-999.000,-999.0,-999.0,0.00318,-999.000,-999.000,0.38201,-999.0,-999.0,-999.000,-999.0,-999.000,-999.0,-999.000,-999.0,-999.0,-999.000,-999.000,0.00259,-999.000,-999.000,-999.000,-999.000,-999.000,-999.000
130100004,114.536,38.025,-999.0,-999.0,-999.0,-999.0,-999.0,-999.0,-999.0,-999.0,-999.0,-999.0,-999.0,-999.0,-999.0,-999.0,-999.0,-999.0,-999.0,-999.0,-999.000,-999.0,-999.0,-999.0,-999.000,-999.000,-999.0,-999.0,-999.0,-999.000,-999.0,-999.000,-999.0,-999.000,-999.0,-999.0,-999.000,-999.000,-999.0,-999.000,-999.000,-999.000,-999.000,-999.000,-999.000
1340100001,117.196,31.785,-999.0,-999.0,-999.0,-999.0,-999.0,-999.0,-999.0,-999.0,-999.0,-999.0,-999.0,-999.0,-999.0,-999.0,-999.0,-999.0,-999.0,-999.0,-999.000,-999.0,-999.0,-999.0,-999.000,-999.000,-999.0,-999.0,-999.0,-999.000,-999.0,-999.000,-999.0,-999.000,-999.0,-999.0,-999.000,-999.000,-999.0,-999.000,-999.000,-999.000,-999.000,-999.000,-999.000
371600001,118.006,37.380,-999.0,-999.0,-999.0,-999.0,-999.0,-999.0,-999.0,-999.0,-999.0,-999.0,-999.0,7.99900,1.78221,-999.0,-999.0,-999.0,-999.0,-999.0,-999.000,-999.0,-999.0,-999.0,-999.000,-999.000,-999.0,-999.0,-999.0,-999.000,-999.0,-999.000,-999.0,-999.000,-999.0,-999.0,-999.000,-999.000,-999.0,-999.000,-999.000,-999.000,-999.000,-999.000,-999.000
110000001,116.415,40.041,-999.0,-999.0,-999.0,-999.0,-999.0,-999.0,-999.0,-999.0,-999.0,-999.0,-999.0,-999.0,-999.0,-999.0,-999.0,-999.0,-999.0,-999.0,-999.000,-999.0,-999.0,-999.0,-999.000,-999.000,-999.0,-999.0,-999.0,-999.000,-999.0,-999.000,-999.0,-999.000,-999.0,-999.0,-999.000,-999.000,-999.0,-999.000,-999.000,-999.000,-999.000,-999.000,-999.000
110000012,116.426,40.048,30.44000,33.91000,-999.0,0.03000,2.94000,5.08600,0.12000,0.07000,0.09000,2.29000,-999.0,0.21000,0.25000,0.00106,0.02749,-999.0,-999.0,-999.0,-999.000,0.04514,-999.0,-999.0,-999.000,-999.000,-999.0,0.02154,-999.0,-999.000,0.06262,-999.000,-999.0,-999.000,-999.0,-999.0,-999.000,-999.000,-999.0,-999.000,-999.000,-999.000,-999.000,-999.000,-999.000
1306000001,116.034,39.492,-999.0,-999.0,-999.0,-999.0,-999.0,-999.0,-999.0,-999.0,-999.0,-999.0,-999.0,-999.0,-999.0,-999.0,-999.0,-999.0,-999.0,-999.0,-999.000,-999.0,-999.0,-999.0,-999.000,-999.000,-999.0,-999.0,-999.0,-999.000,-999.0,-999.000,-999.0,-999.000,-999.0,-999.0,-999.000,-999.000,-999.0,-999.000,-999.000,-999.000,-999.000,-999.000,-999.000
1307000001,114.898,40.837,-999.0,-999.0,-999.0,-999.0,-999.0,-999.0,-999.0,-999.0,-999.0,-999.0,-999.0,-999.0,-999.0,-999.0,-999.0,-999.0,-999.0,-999.0,-999.000,-999.0,-999.0,-999.0,-999.000,-999.000,-999.0,-999.0,-999.0,-999.000,-999.0,-999.000,-999.0,-999.000,-999.0,-999.0,-999.000,-999.000,-999.0,-999.000,-999.000,-999.000,-999.000,-999.000,-999.000
1311000001,115.694,37.808,-999.0,-999.0,-999.0,-999.0,-999.0,-999.0,-999.0,-999.0,-999.0,-999.0,-999.0,-999.0,-999.0,-999.0,-999.0,-999.0,-999.0,-999.0,-999.000,-999.0,-999.0,-999.0,-999.000,-999.000,-999.0,-999.0,-999.0,-999.000,-999.0,-999.000,-999.0,-999.000,-999.0,-999.0,-999.000,-999.000,-999.0,-999.000,-999.000,-999.000,-999.000,-999.000,-999.000
3701000001,117.610,36.720,-999.0,-999.0,-999.0,-999.0,-999.0,-999.0,-999.0,-999.0,-999.0,-999.0,-999.0,-999.0,-999.0,-999.0,-999.0,-999.0,-999.0,-999.0,-999.000,-999.0,-999.0,-999.0,-999.000,-999.000,-999.0,-999.0,-999.0,-999.000,-999.0,-999.000,-999.0,-999.000,-999.0,-999.0,-999.000,-999.000,-999.0,-999.000,-999.000,-999.000,-999.000,-999.000,-999.000
1200000004,117.850,39.494,-999.0,-999.0,-999.0,-999.0,-999.0,-999.0,-999.0,-999.0,-999.0,-999.0,-999.0,-999.0,-999.0,-999.0,-999.0,-999.0,-999.0,-999.0,-999.000,-999.0,-999.0,-999.0,-999.000,-999.000,-999.0,-999.0,-999.0,-999.000,-999.0,-999.000,-999.0,-999.000,-999.0,-999.0,-999.000,-999.000,-999.0,-999.000,-999.000,-999.000,-999.000,-999.000,-999.000
120000003,117.223,39.173,-999.0,-999.0,-999.0,0.33400,-999.0,-999.0,0.24100,0.46000,-999.0,-999.0,-999.0,-999.0,1.18000,-999.0,-999.0,-999.0,-999.0,-999.0,-999.000,-999.0,-999.0,-999.0,-999.000,-999.000,-999.0,-999.0,0.01406,-999.000,-999.0,-999.000,-999.0,-999.000,0.02228,-999.0,-999.000,-999.000,-999.0,-999.000,-999.000,-999.000,-999.000,-999.000,-999.000
140100001,112.547,37.874,-999.0,-999.0,-999.0,-999.0,-999.0,-999.0,-999.0,-999.0,-999.0,-999.0,-999.0,-999.0,-999.0,-999.0,-999.0,-999.0,-999.0,-999.0,-999.000,-999.0,-999.0,-999.0,-999.000,-999.000,-999.0,-999.0,-999.0,-999.000,-999.0,-999.000,-999.0,-999.000,-999.0,-999.0,-999.000,-999.000,-999.0,-999.000,-999.000,-999.000,-999.000,-999.000,-999.000
