stationcode,longitude,latitude,PM10,PM25,F-,Cl-,NO3-,SO42-,Ca2+,Na+,K+,NH4+,Mg2+,OC,EC,Hg,Br,As,Si,Te,Ca,Ti,Ba,Sc,Pd,Co,Mo,K,Fe,Pb,TI,Cu,Al,Cs,Ag,Zn,Sb,Sn,Mn,Cd,Ni,Ga,Se,Cr,V
110000006,116.041,39.597,-999.0,-999.0,-999.0,-999.0,-999.0,-999.0,-999.0,-999.0,-999.0,-999.0,-999.0,-999.0,-999.0,-999.0,-999.0,-999.0,-999.0,-999.000,-999.0,-999.0,-999.0,-999.0,-999.000,-999.0,-999.0,-999.0,-999.0,-999.000,-999.0,-999.000,-999.000,-999.0,-999.000,-999.0,-999.000,-999.000,-999.0,-999.000,-999.0,-999.0,-999.000,-999.000,-999.000
371500001,115.974,36.493,-999.0,-999.0,-999.0,-999.0,-999.0,-999.0,-999.0,-999.0,-999.0,-999.0,-999.0,14.88246,5.63833,-999.0,-999.0,-999.0,-999.0,-999.000,-999.0,-999.0,-999.0,-999.0,-999.000,-999.0,-999.0,-999.0,-999.0,-999.000,-999.0,-999.000,-999.000,-999.0,-999.000,-999.0,-999.000,-999.000,-999.0,-999.000,-999.0,-999.0,-999.000,-999.000,-999.000
150100001,111.752,40.841,-999.0,-999.0,-999.0,-999.0,-999.0,-999.0,-999.0,-999.0,-999.0,-999.0,-999.0,-999.0,-999.0,-999.0,-999.0,-999.0,-999.0,-999.000,-999.0,-999.0,-999.0,-999.0,-999.000,-999.0,-999.0,-999.0,-999.0,-999.000,-999.0,-999.000,-999.000,-999.0,-999.000,-999.0,-999.000,-999.000,-999.0,-999.000,-999.0,-999.0,-999.000,-999.000,-999.000
1320100001,118.754,32.055,-999.0,-999.0,-999.0,-999.0,-999.0,-999.0,-999.0,-999.0,-999.0,-999.0,-999.0,-999.0,-999.0,-999.0,-999.0,-999.0,-999.0,-999.000,-999.0,-999.0,-999.0,-999.0,-999.000,-999.0,-999.0,-999.0,-999.0,-999.000,-999.0,-999.000,-999.000,-999.0,-999.000,-999.0,-999.000,-999.000,-999.0,-999.000,-999.0,-999.0,-999.000,-999.000,-999.000
410200001,114.331,34.761,-999.0,-999.0,-999.0,-999.0,-999.0,-999.0,-999.0,-999.0,-999.0,-999.0,-999.0,-999.0,-999.0,-999.0,-999.0,-999.0,-999.0,-999.000,-999.0,-999.0,-999.0,-999.0,-999.000,-999.0,-999.0,-999.0,-999.0,-999.000,-999.0,-999.000,-999.000,-999.0,-999.000,-999.0,-999.000,-999.000,-999.0,-999.000,-999.0,-999.0,-999.000,-999.000,-999.000
140100002,112.482,37.719,-999.0,-999.0,-999.0,-999.0,-999.0,-999.0,-999.0,-999.0,-999.0,-999.0,-999.0,-999.0,-999.0,-999.0,0.08178,0.04890,-999.0,-999.000,2.65442,-999.0,-999.0,0.00766,-999.000,-999.0,-999.0,1.59774,-999.0,-999.000,-999.0,-999.000,-999.000,-999.0,-999.000,-999.0,-999.000,-999.000,-999.0,-999.000,-999.0,-999.0,-999.000,-999.000,-999.000
340100001,117.117,31.470,-999.0,-999.0,-999.0,-999.0,-999.0,-999.0,-999.0,-999.0,-999.0,-999.0,-999.0,-999.0,-999.0,-999.0,-999.0,-999.0,-999.0,-999.000,-999.0,-999.0,-999.0,-999.0,-999.000,-999.0,-999.0,-999.0,-999.0,-999.000,-999.0,-999.000,-999.000,-999.0,-999.000,-999.0,-999.000,-999.000,-999.0,-999.000,-999.0,-999.0,-999.000,-999.000,-999.000
410300001,112.419,34.613,-999.0,-999.0,0.11500,5.30700,19.78300,8.33300,1.39500,1.45700,2.10000,6.05500,0.35900,9.19500,1.97300,-999.0,-999.0,-999.0,-999.0,-999.000,-999.0,-999.0,-999.0,-999.0,-999.000,-999.0,-999.0,-999.0,-999.0,-999.000,-999.0,-999.000,-999.000,-999.0,-999.000,-999.0,-999.000,-999.000,-999.0,-999.000,-999.0,-999.0,-999.000,-999.000,-999.000
610100002,108.935,34.347,-999.0,-999.0,0.97400,3.03200,12.96500,4.07300,0.49000,0.67600,0.08600,5.88900,0.06000,10.04300,1.99300,-999.0,-999.0,-999.0,-999.0,-999.000,-999.0,-999.0,-999.0,-999.0,-999.000,-999.0,-999.0,-999.0,-999.0,-999.000,-999.0,-999.000,-999.000,-999.0,-999.000,-999.0,-999.000,-999.000,-999.0,-999.000,-999.0,-999.0,-999.000,-999.000,-999.000
1320300001,117.256,34.215,-999.0,-999.0,-999.0,-999.0,-999.0,-999.0,-999.0,-999.0,-999.0,-999.0,-999.0,-999.0,-999.0,-999.0,-999.0,-999.0,-999.0,-999.000,-999.0,-999.0,-999.0,-999.0,-999.000,-999.0,-999.0,-999.0,-999.0,-999.000,-999.0,-999.000,-999.000,-999.0,-999.000,-999.0,-999.000,-999.000,-999.0,-999.000,-999.0,-999.0,-999.000,-999.000,-999.000
130600003,115.482,38.926,-999.0,-999.0,-999.0,-999.0,-999.0,-999.0,-999.0,-999.0,-999.0,-999.0,-999.0,-999.0,-999.0,-999.0,-999.0,-999.0,-999.0,-999.000,-999.0,-999.0,-999.0,-999.0,-999.000,-999.0,-999.0,-999.0,-999.0,-999.000,-999.0,-999.000,-999.000,-999.0,-999.000,-999.0,-999.000,-999.000,-999.0,-999.000,-999.0,-999.0,-999.000,-999.000,-999.000
130500001,114.482,37.066,-999.0,-999.0,-999.0,-999.0,-999.0,-999.0,-999.0,-999.0,-999.0,-999.0,-999.0,-999.0,-999.0,-999.0,-999.0,-999.0,-999.0,-999.000,-999.0,-999.0,-999.0,-999.0,-999.000,-999.0,-999.0,-999.0,-999.0,-999.000,-999.0,-999.000,-999.000,-999.0,-999.000,-999.0,-999.000,-999.000,-999.0,-999.000,-999.0,-999.0,-999.000,-999.000,-999.000
110000005,116.326,39.521,-999.0,-999.0,-999.0,-999.0,-999.0,-999.0,-999.0,-999.0,-999.0,-999.0,-999.0,-999.0,-999.0,-999.0,-999.0,-999.0,-999.0,-999.000,-999.0,-999.0,-999.0,-999.0,-999.000,-999.0,-999.0,-999.0,-999.0,-999.000,-999.0,-999.000,-999.000,-999.0,-999.000,-999.0,-999.000,-999.000,-999.0,-999.000,-999.0,-999.0,-999.000,-999.000,-999.000
1640100001,106.225,38.489,-999.0,-999.0,-999.0,-999.0,-999.0,-999.0,-999.0,-999.0,-999.0,-999.0,-999.0,-999.0,-999.0,-999.0,-999.0,-999.0,-999.0,-999.000,-999.0,-999.0,-999.0,-999.0,-999.000,-999.0,-999.0,-999.0,-999.0,-999.000,-999.0,-999.000,-999.000,-999.0,-999.000,-999.0,-999.000,-999.000,-999.0,-999.000,-999.0,-999.0,-999.000,-999.000,-999.000
130700002,114.904,40.769,-999.0,-999.0,-999.0,-999.0,-999.0,-999.0,-999.0,-999.0,-999.0,-999.0,-999.0,-999.0,-999.0,-999.0,-999.0,-999.0,-999.0,-999.000,-999.0,-999.0,-999.0,-999.0,-999.000,-999.0,-999.0,-999.0,-999.0,-999.000,-999.0,-999.000,-999.000,-999.0,-999.000,-999.0,-999.000,-999.000,-999.0,-999.000,-999.0,-999.0,-999.000,-999.000,-999.000
141000001,111.526,36.063,-999.0,-999.0,-999.0,6.53100,6.55100,4.03100,2.77100,1.88800,1.66600,4.23100,0.27500,13.15400,4.39200,-999.0,-999.0,-999.0,-999.0,-999.000,-999.0,-999.0,-999.0,-999.0,-999.000,-999.0,-999.0,-999.0,-999.0,-999.000,-999.0,-999.000,-999.000,-999.0,-999.000,-999.0,-999.000,-999.000,-999.0,-999.000,-999.0,-999.0,-999.000,-999.000,-999.000
1411200001,111.278,34.716,-999.0,-999.0,-999.0,-999.0,-999.0,-999.0,-999.0,-999.0,-999.0,-999.0,-999.0,-999.0,-999.0,-999.0,-999.0,-999.0,-999.0,-999.000,-999.0,-999.0,-999.0,-999.0,-999.000,-999.0,-999.0,-999.0,-999.0,-999.000,-999.0,-999.000,-999.000,-999.0,-999.000,-999.0,-999.000,-999.000,-999.0,-999.000,-999.0,-999.0,-999.000,-999.000,-999.000
130300002,119.584,39.955,-999.0,-999.0,-999.0,-999.0,-999.0,-999.0,-999.0,-999.0,-999.0,-999.0,-999.0,-999.0,-999.0,-999.0,-999.0,-999.0,-999.0,-999.000,-999.0,-999.0,-999.0,-999.0,-999.000,-999.0,-999.0,-999.0,-999.0,-999.000,-999.0,-999.000,-999.000,-999.0,-999.000,-999.0,-999.000,-999.000,-999.0,-999.000,-999.0,-999.0,-999.000,-999.000,-999.000
140500001,112.857,35.488,-999.0,-999.0,-999.0,-999.0,-999.0,-999.0,-999.0,-999.0,-999.0,-999.0,-999.0,-999.0,-999.0,-999.0,-999.0,-999.0,-999.0,-999.000,-999.0,-999.0,-999.0,-999.0,-999.000,-999.0,-999.0,-999.0,-999.0,-999.000,-999.0,-999.000,-999.000,-999.0,-999.000,-999.0,-999.000,-999.000,-999.0,-999.000,-999.0,-999.0,-999.000,-999.000,-999.000
140300001,113.589,37.848,-999.0,-999.0,-999.0,-999.0,-999.0,-999.0,-999.0,-999.0,-999.0,-999.0,-999.0,-999.0,-999.0,-999.0,-999.0,-999.0,-999.0,-999.000,-999.0,-999.0,-999.0,-999.0,-999.000,-999.0,-999.0,-999.0,-999.0,-999.000,-999.0,-999.000,-999.000,-999.0,-999.000,-999.0,-999.000,-999.000,-999.0,-999.000,-999.0,-999.0,-999.000,-999.000,-999.000
120000005,117.042,39.384,-999.0,-999.0,-999.0,-999.0,-999.0,-999.0,-999.0,-999.0,-999.0,-999.0,-999.0,-999.0,-999.0,-999.0,-999.0,-999.0,-999.0,-999.000,-999.0,-999.0,-999.0,-999.0,-999.000,-999.0,-999.0,-999.0,-999.0,-999.000,-999.0,-999.000,-999.000,-999.0,-999.000,-999.0,-999.000,-999.000,-999.0,-999.000,-999.0,-999.0,-999.000,-999.000,-999.000
320100001,118.762,32.066,-999.0,-999.0,-999.0,-999.0,-999.0,-999.0,-999.0,-999.0,-999.0,-999.0,-999.0,-999.0,-999.0,-999.0,-999.0,-999.0,-999.0,-999.000,-999.0,-999.0,-999.0,-999.0,-999.000,-999.0,-999.0,-999.0,-999.0,-999.000,-999.0,-999.000,-999.000,-999.0,-999.000,-999.0,-999.000,-999.000,-999.0,-999.000,-999.0,-999.0,-999.000,-999.000,-999.000
370100001,117.171,36.669,-999.0,-999.0,-999.0,-999.0,-999.0,-999.0,-999.0,-999.0,-999.0,-999.0,-999.0,-999.0,-999.0,-999.0,-999.0,-999.0,-999.0,-999.000,-999.0,-999.0,-999.0,-999.0,-999.000,-999.0,-999.0,-999.0,-999.0,-999.000,-999.0,-999.000,-999.000,-999.0,-999.000,-999.0,-999.000,-999.000,-999.0,-999.000,-999.0,-999.0,-999.000,-999.000,-999.000
110000016,116.732,40.203,-999.0,-999.0,-999.0,-999.0,-999.0,-999.0,-999.0,-999.0,-999.0,-999.0,-999.0,-999.0,-999.0,-999.0,-999.0,-999.0,-999.0,-999.000,-999.0,-999.0,-999.0,-999.0,-999.000,-999.0,-999.0,-999.0,-999.0,-999.000,-999.0,-999.000,-999.000,-999.0,-999.000,-999.0,-999.000,-999.000,-999.0,-999.000,-999.0,-999.0,-999.000,-999.000,-999.000
120000004,117.283,39.683,-999.0,-999.0,-999.0,-999.0,-999.0,-999.0,-999.0,-999.0,-999.0,-999.0,-999.0,-999.0,-999.0,-999.0,-999.0,-999.0,-999.0,-999.000,-999.0,-999.0,-999.0,-999.0,-999.000,-999.0,-999.0,-999.0,-999.0,-999.000,-999.0,-999.000,-999.000,-999.0,-999.000,-999.0,-999.000,-999.000,-999.0,-999.000,-999.0,-999.0,-999.000,-999.000,-999.000
370300001,117.983,36.835,-999.0,-999.0,-999.0,-999.0,-999.0,-999.0,-999.0,-999.0,-999.0,-999.0,-999.0,13.51145,3.80441,-999.0,-999.0,-999.0,-999.0,-999.000,-999.0,-999.0,-999.0,-999.0,-999.000,-999.0,-999.0,-999.0,-999.0,-999.000,-999.0,-999.000,-999.000,-999.0,-999.000,-999.0,-999.000,-999.000,-999.0,-999.000,-999.0,-999.0,-999.000,-999.000,-999.000
130600004,115.946,38.945,-999.0,-999.0,-999.0,-999.0,-999.0,-999.0,-999.0,-999.0,-999.0,-999.0,-999.0,-999.0,-999.0,-999.0,-999.0,-999.0,0.77015,-999.000,-999.0,-999.0,0.00307,-999.0,-999.000,-999.0,-999.0,-999.0,-999.0,-999.000,-999.0,-999.000,-999.000,-999.0,-999.000,-999.0,-999.000,-999.000,-999.0,-999.000,-999.0,-999.0,-999.000,-999.000,-999.000
140400001,113.110,36.199,-999.0,-999.0,0.13400,-999.0,-999.0,-999.0,-999.0,-999.0,-999.0,-999.0,-999.0,-999.0,-999.0,-999.0,-999.0,-999.0,-999.0,-999.000,-999.0,-999.0,-999.0,-999.0,-999.000,-999.0,-999.0,-999.0,-999.0,-999.000,-999.0,-999.000,-999.000,-999.0,-999.000,-999.0,-999.000,-999.000,-999.0,-999.000,-999.0,-999.0,-999.000,-999.000,-999.000
430100001,113.090,28.204,-999.0,-999.0,-999.0,-999.0,-999.0,-999.0,-999.0,-999.0,-999.0,-999.0,-999.0,-999.0,-999.0,-999.0,-999.0,-999.0,-999.0,-999.000,-999.0,-999.0,-999.0,-999.0,-999.000,-999.0,-999.0,-999.0,-999.0,-999.000,-999.0,-999.000,-999.000,-999.0,-999.000,-999.0,-999.000,-999.000,-999.0,-999.000,-999.0,-999.0,-999.000,-999.000,-999.000
131000005,116.702,39.545,-999.0,-999.0,-999.0,4.36500,-999.0,-999.0,-999.0,-999.0,-999.0,-999.0,-999.0,-999.0,-999.0,-999.0,-999.0,-999.0,-999.0,-999.000,-999.0,-999.0,-999.0,-999.0,-999.000,-999.0,-999.0,-999.0,-999.0,-999.000,-999.0,-999.000,-999.000,-999.0,-999.000,-999.0,-999.000,-999.000,-999.0,-999.000,-999.0,-999.0,-999.000,-999.000,-999.000
110000004,116.424,40.049,-999.0,-999.0,-999.0,-999.0,-999.0,-999.0,-999.0,-999.0,-999.0,-999.0,-999.0,-999.0,-999.0,-999.0,-999.0,-999.0,-999.0,-999.000,-999.0,-999.0,-999.0,-999.0,-999.000,-999.0,-999.0,-999.0,-999.0,-999.000,-999.0,-999.000,-999.000,-999.0,-999.000,-999.0,-999.000,-999.000,-999.0,-999.000,-999.0,-999.0,-999.000,-999.000,-999.000
130900003,116.839,38.304,-999.0,-999.0,-999.0,-999.0,-999.0,-999.0,-999.0,-999.0,-999.0,-999.0,-999.0,-999.0,-999.0,-999.0,-999.0,-999.0,-999.0,-999.000,-999.0,-999.0,-999.0,-999.0,-999.000,-999.0,-999.0,-999.0,-999.0,-999.000,-999.0,-999.000,-999.000,-999.0,-999.000,-999.0,-999.000,-999.000,-999.0,-999.000,-999.0,-999.0,-999.000,-999.000,-999.000
371400003,115.823,36.952,-999.0,-999.0,-999.0,-999.0,-999.0,-999.0,-999.0,-999.0,-999.0,-999.0,-999.0,9.92821,6.59421,-999.0,-999.0,-999.0,-999.0,-999.000,-999.0,-999.0,-999.0,-999.0,-999.000,-999.0,-999.0,-999.0,-999.0,-999.000,-999.0,-999.000,-999.000,-999.0,-999.000,-999.0,-999.000,-999.000,-999.0,-999.000,-999.0,-999.0,-999.000,-999.000,-999.000
130300001,119.622,39.912,-999.0,-999.0,-999.0,-999.0,-999.0,-999.0,-999.0,-999.0,-999.0,-999.0,-999.0,-999.0,-999.0,-999.0,-999.0,-999.0,-999.0,-999.000,-999.0,-999.0,-999.0,-999.0,-999.000,-999.0,-999.0,-999.0,-999.0,-999.000,-999.0,-999.000,-999.000,-999.0,-999.000,-999.0,-999.000,-999.000,-999.0,-999.000,-999.0,-999.0,-999.000,-999.000,-999.000
131000003,116.709,39.551,-999.0,-999.0,-999.0,-999.0,-999.0,-999.0,-999.0,-999.0,-999.0,-999.0,-999.0,-999.0,-999.0,-999.0,-999.0,-999.0,-999.0,-999.000,-999.0,-999.0,-999.0,-999.0,-999.000,-999.0,-999.0,-999.0,-999.0,-999.000,-999.0,-999.000,-999.000,-999.0,-999.000,-999.0,-999.000,-999.000,-999.0,-999.000,-999.0,-999.0,-999.000,-999.000,-999.000
1320200001,120.317,31.513,-999.0,-999.0,-999.0,-999.0,-999.0,-999.0,-999.0,-999.0,-999.0,-999.0,-999.0,-999.0,-999.0,-999.0,-999.0,-999.0,-999.0,-999.000,-999.0,-999.0,-999.0,-999.0,-999.000,-999.0,-999.0,-999.0,-999.0,-999.000,-999.0,-999.000,-999.000,-999.0,-999.000,-999.0,-999.000,-999.000,-999.0,-999.000,-999.0,-999.0,-999.000,-999.000,-999.000
110000010,116.266,39.499,-999.0,-999.0,-999.0,-999.0,-999.0,-999.0,-999.0,-999.0,-999.0,-999.0,-999.0,-999.0,-999.0,-999.0,-999.0,-999.0,-999.0,-999.000,-999.0,-999.0,-999.0,-999.0,-999.000,-999.0,-999.0,-999.0,-999.0,-999.000,-999.0,-999.000,-999.000,-999.0,-999.000,-999.0,-999.000,-999.000,-999.0,-999.000,-999.0,-999.0,-999.000,-999.000,-999.000
130200001,118.130,39.634,-999.0,-999.0,-999.0,-999.0,-999.0,-999.0,-999.0,-999.0,-999.0,-999.0,-999.0,-999.0,-999.0,-999.0,-999.0,-999.0,-999.0,-999.000,-999.0,-999.0,-999.0,-999.0,-999.000,-999.0,-999.0,-999.0,-999.0,-999.000,-999.0,-999.000,-999.000,-999.0,-999.000,-999.0,-999.000,-999.000,-999.0,-999.000,-999.0,-999.0,-999.000,-999.000,-999.000
110000002,116.342,39.727,-999.0,-999.0,-999.0,-999.0,-999.0,-999.0,-999.0,-999.0,-999.0,-999.0,-999.0,-999.0,-999.0,-999.0,-999.0,-999.0,-999.0,-999.000,-999.0,-999.0,-999.0,-999.0,-999.000,-999.0,-999.0,-999.0,-999.0,-999.000,-999.0,-999.000,-999.000,-999.0,-999.000,-999.0,-999.000,-999.000,-999.0,-999.000,-999.0,-999.0,-999.000,-999.000,-999.000
131100003,115.678,37.732,-999.0,-999.0,-999.0,-999.0,-999.0,-999.0,-999.0,-999.0,-999.0,-999.0,-999.0,-999.0,-999.0,-999.0,-999.0,-999.0,-999.0,-999.000,-999.0,-999.0,-999.0,-999.0,-999.000,-999.0,-999.0,-999.0,-999.0,-999.000,-999.0,-999.000,-999.000,-999.0,-999.000,-999.0,-999.000,-999.000,-999.0,-999.000,-999.0,-999.0,-999.000,-999.000,-999.000
110000008,116.684,39.542,-999.0,-999.0,-999.0,-999.0,-999.0,-999.0,-999.0,-999.0,-999.0,-999.0,-999.0,-999.0,-999.0,-999.0,-999.0,-999.0,-999.0,-999.000,-999.0,-999.0,-999.0,-999.0,-999.000,-999.0,-999.0,-999.0,-999.0,-999.000,-999.0,-999.000,-999.000,-999.0,-999.000,-999.0,-999.000,-999.000,-999.0,-999.000,-999.0,-999.0,-999.000,-999.000,-999.000
410500002,114.398,36.089,-999.0,-999.0,-999.0,-999.0,-999.0,-999.0,-999.0,-999.0,-999.0,-999.0,-999.0,-999.0,-999.0,-999.0,-999.0,-999.0,-999.0,-999.000,-999.0,-999.0,-999.0,-999.0,-999.000,-999.0,-999.0,-999.0,-999.0,-999.000,-999.0,-999.000,-999.000,-999.0,-999.000,-999.0,-999.000,-999.000,-999.0,-999.000,-999.0,-999.0,-999.000,-999.000,-999.000
130400002,114.497,36.571,-999.0,-999.0,-999.0,-999.0,-999.0,-999.0,-999.0,-999.0,-999.0,-999.0,-999.0,-999.0,-999.0,-999.0,-999.0,-999.0,-999.0,-999.000,-999.0,-999.0,-999.0,-999.0,-999.000,-999.0,-999.0,-999.0,-999.0,-999.000,-999.0,-999.000,-999.000,-999.0,-999.000,-999.0,-999.000,-999.000,-999.0,-999.000,-999.0,-999.0,-999.000,-999.000,-999.000
370800001,116.623,35.429,-999.0,-999.0,-999.0,-999.0,-999.0,-999.0,-999.0,-999.0,-999.0,-999.0,-999.0,13.49504,6.12958,-999.0,-999.0,-999.0,-999.0,-999.000,-999.0,-999.0,-999.0,-999.0,-999.000,-999.0,-999.0,-999.0,-999.0,-999.000,-999.0,-999.000,-999.000,-999.0,-999.000,-999.0,-999.000,-999.000,-999.0,-999.000,-999.0,-999.0,-999.000,-999.000,-999.000
110000009,116.771,39.628,-999.0,-999.0,-999.0,30.10000,0.25000,200.00000,-999.0,3000.00000,0.14000,0.25000,-999.0,-999.0,-999.0,-999.0,-999.0,-999.0,-999.0,-999.000,-999.0,-999.0,-999.0,-999.0,-999.000,-999.0,-999.0,-999.0,-999.0,-999.000,-999.0,-999.000,-999.000,-999.0,-999.000,-999.0,-999.000,-999.000,-999.0,-999.000,-999.0,-999.0,-999.000,-999.000,-999.000
110000011,115.831,39.542,-999.0,-999.0,2.95207,0.13750,3.94847,0.08713,-999.0,5.15937,0.13960,1.66380,0.66923,-999.0,-999.0,-999.0,-999.0,-999.0,-999.0,-999.000,-999.0,-999.0,-999.0,-999.0,-999.000,-999.0,-999.0,-999.0,-999.0,-999.000,-999.0,-999.000,-999.000,-999.0,-999.000,-999.0,-999.000,-999.000,-999.0,-999.000,-999.0,-999.0,-999.000,-999.000,-999.000
120000001,117.159,39.099,-999.0,-999.0,-999.0,-999.0,-999.0,-999.0,-999.0,-999.0,-999.0,-999.0,-999.0,-999.0,-999.0,-999.0,-999.0,-999.0,-999.0,-999.000,-999.0,-999.0,-999.0,-999.0,-999.000,-999.0,-999.0,-999.0,-999.0,-999.000,-999.0,-999.000,-999.000,-999.0,-999.000,-999.0,-999.000,-999.000,-999.0,-999.000,-999.0,-999.0,-999.000,-999.000,-999.000
131000004,117.006,39.761,-999.0,-999.0,-999.0,-999.0,-999.0,-999.0,-999.0,-999.0,-999.0,-999.0,-999.0,-999.0,-999.0,-999.0,-999.0,-999.0,-999.0,-999.000,-999.0,-999.0,-999.0,-999.0,-999.000,-999.0,-999.0,-999.0,-999.0,-999.000,-999.0,-999.000,-999.000,-999.0,-999.000,-999.0,-999.000,-999.000,-999.0,-999.000,-999.0,-999.0,-999.000,-999.000,-999.000
410900001,115.032,35.763,-999.0,-999.0,-999.0,-999.0,-999.0,-999.0,-999.0,-999.0,-999.0,-999.0,-999.0,-999.0,-999.0,-999.0,-999.0,-999.0,-999.0,-999.000,-999.0,-999.0,-999.0,-999.0,-999.000,-999.0,-999.0,-999.0,-999.0,-999.000,-999.0,-999.000,-999.000,-999.0,-999.000,-999.0,-999.000,-999.000,-999.0,-999.000,-999.0,-999.0,-999.000,-999.000,-999.000
410700002,113.924,35.303,-999.0,-999.0,-999.0,-999.0,-999.0,-999.0,-999.0,-999.0,-999.0,-999.0,-999.0,-999.0,-999.0,-999.0,-999.0,-999.0,-999.0,-999.000,-999.0,-999.0,-999.0,-999.0,-999.000,-999.0,-999.0,-999.0,-999.0,-999.000,-999.0,-999.000,-999.000,-999.0,-999.000,-999.0,-999.000,-999.000,-999.0,-999.000,-999.0,-999.0,-999.000,-999.000,-999.000
130100005,114.480,38.094,-999.0,-999.0,-999.0,-999.0,-999.0,-999.0,-999.0,-999.0,-999.0,-999.0,-999.0,-999.0,-999.0,-999.0,0.04794,0.00685,0.69596,-999.000,0.48553,-999.0,0.05107,0.00108,-999.000,0.00881,0.01205,0.97802,0.64983,-999.000,0.00431,-999.000,-999.000,0.01335,-999.000,-999.0,-999.000,-999.000,0.07034,-999.000,0.00780,-999.0,-999.000,-999.000,-999.000
120000006,117.412,40.055,-999.0,-999.0,-999.0,-999.0,-999.0,-999.0,-999.0,-999.0,-999.0,-999.0,-999.0,-999.0,-999.0,-999.0,-999.0,-999.0,-999.0,-999.000,-999.0,-999.0,-999.0,-999.0,-999.000,-999.0,-999.0,-999.0,-999.0,-999.000,-999.0,-999.000,-999.000,-999.0,-999.000,-999.0,-999.000,-999.000,-999.0,-999.000,-999.0,-999.0,-999.000,-999.000,-999.000
410100002,113.606,34.748,-999.0,-999.0,-999.0,-999.0,-999.0,-999.0,-999.0,-999.0,-999.0,-999.0,-999.0,-999.0,-999.0,-999.0,-999.0,-999.0,-999.0,-999.000,-999.0,-999.0,-999.0,-999.0,-999.000,-999.0,-999.0,-999.0,-999.0,-999.000,-999.0,-999.000,-999.000,-999.0,-999.000,-999.0,-999.000,-999.000,-999.0,-999.000,-999.0,-999.0,-999.000,-999.000,-999.000
130700003,114.895,40.834,-999.0,-999.0,-999.0,-999.0,-999.0,-999.0,-999.0,-999.0,-999.0,-999.0,-999.0,-999.0,-999.0,-999.0,-999.0,-999.0,-999.0,-999.000,-999.0,-999.0,-999.0,-999.0,-999.000,-999.0,-999.0,-999.0,-999.0,-999.000,-999.0,-999.000,-999.000,-999.0,-999.000,-999.0,-999.000,-999.000,-999.0,-999.000,-999.0,-999.0,-999.000,-999.000,-999.000
130500002,114.532,37.086,-999.0,-999.0,-999.0,-999.0,-999.0,-999.0,-999.0,-999.0,-999.0,-999.0,-999.0,-999.0,-999.0,-999.0,-999.0,-999.0,-999.0,-999.000,-999.0,-999.0,-999.0,-999.0,-999.000,-999.0,-999.0,-999.0,-999.0,-999.000,-999.0,-999.000,-999.000,-999.0,-999.000,-999.0,-999.000,-999.000,-999.0,-999.000,-999.0,-999.0,-999.000,-999.000,-999.000
410800001,113.279,35.206,-999.0,-999.0,-999.0,-999.0,-999.0,-999.0,-999.0,-999.0,-999.0,-999.0,-999.0,-999.0,-999.0,-999.0,-999.0,-999.0,-999.0,-999.000,-999.0,-999.0,-999.0,-999.0,-999.000,-999.0,-999.0,-999.0,-999.0,-999.000,-999.0,-999.000,-999.000,-999.0,-999.000,-999.0,-999.000,-999.000,-999.0,-999.000,-999.0,-999.0,-999.000,-999.000,-999.000
130200002,118.193,39.623,-999.0,-999.0,-999.0,-999.0,-999.0,-999.0,-999.0,-999.0,-999.0,-999.0,-999.0,-999.0,-999.0,-999.0,-999.0,-999.0,-999.0,-999.000,-999.0,-999.0,-999.0,-999.0,-999.000,-999.0,-999.0,-999.0,-999.0,-999.000,-999.0,-999.000,-999.000,-999.0,-999.000,-999.0,-999.000,-999.000,-999.0,-999.000,-999.0,-999.0,-999.000,-999.000,-999.000
410500001,114.399,36.089,-999.0,-999.0,-999.0,-999.0,-999.0,-999.0,-999.0,-999.0,-999.0,-999.0,-999.0,-999.0,-999.0,-999.0,-999.0,-999.0,-999.0,-999.000,-999.0,-999.0,-999.0,-999.0,-999.000,-999.0,-999.0,-999.0,-999.0,-999.000,-999.0,-999.000,-999.000,-999.0,-999.000,-999.0,-999.000,-999.000,-999.0,-999.000,-999.0,-999.0,-999.000,-999.000,-999.000
140800001,110.968,35.031,-999.0,-999.0,-999.0,4.37800,10.99100,6.50700,0.01600,0.73900,0.63900,7.42500,0.05800,23.36900,2.98900,-999.0,-999.0,-999.0,-999.0,-999.000,-999.0,-999.0,-999.0,-999.0,-999.000,-999.0,-999.0,-999.0,-999.0,-999.000,-999.0,-999.000,-999.000,-999.0,-999.000,-999.0,-999.000,-999.000,-999.0,-999.000,-999.0,-999.0,-999.000,-999.000,-999.000
371700001,115.522,35.213,-999.0,-999.0,-999.0,-999.0,-999.0,-999.0,-999.0,-999.0,-999.0,-999.0,-999.0,11.52358,3.56229,-999.0,-999.0,-999.0,-999.0,-999.000,-999.0,-999.0,-999.0,-999.0,-999.000,-999.0,-999.0,-999.0,-999.0,-999.000,-999.0,-999.000,-999.000,-999.0,-999.000,-999.0,-999.000,-999.000,-999.0,-999.000,-999.0,-999.0,-999.000,-999.000,-999.000
410100003,113.733,34.772,-999.0,-999.0,-999.0,-999.0,-999.0,-999.0,-999.0,-999.0,-999.0,-999.0,-999.0,-999.0,-999.0,-999.0,0.02822,0.00578,-999.0,-999.000,0.96411,0.03651,0.04365,0.00445,-999.000,-999.0,-999.0,1.18739,1.72576,-999.000,-999.0,-999.000,-999.000,-999.0,-999.000,0.24243,-999.000,-999.000,0.25384,-999.000,-999.0,0.00059,-999.000,-999.000,-999.000
371400002,116.362,37.444,-999.0,-999.0,-999.0,-999.0,-999.0,-999.0,-999.0,-999.0,-999.0,-999.0,-999.0,-999.0,-999.0,-999.0,-999.0,-999.0,-999.0,-999.000,-999.0,-999.0,-999.0,-999.0,-999.000,-999.0,-999.0,-999.0,-999.0,-999.000,-999.0,-999.000,-999.000,-999.0,-999.000,-999.0,-999.000,-999.000,-999.0,-999.000,-999.0,-999.0,-999.000,-999.000,-999.000
1320500001,120.630,31.286,-999.0,-999.0,-999.0,-999.0,-999.0,-999.0,-999.0,-999.0,-999.0,-999.0,-999.0,-999.0,-999.0,-999.0,-999.0,-999.0,-999.0,-999.000,-999.0,-999.0,-999.0,-999.0,-999.000,-999.0,-999.0,-999.0,-999.0,-999.000,-999.0,-999.000,-999.000,-999.0,-999.000,-999.0,-999.000,-999.000,-999.0,-999.000,-999.0,-999.0,-999.000,-999.000,-999.000
110000003,116.322,39.105,-999.0,-999.0,-999.0,-999.0,-999.0,-999.0,-999.0,-999.0,-999.0,-999.0,-999.0,-999.0,-999.0,-999.0,-999.0,-999.0,-999.0,-999.000,-999.0,-999.0,-999.0,-999.0,-999.000,-999.0,-999.0,-999.0,-999.0,-999.000,-999.0,-999.000,-999.000,-999.0,-999.000,-999.0,-999.000,-999.000,-999.0,-999.000,-999.0,-999.0,-999.000,-999.000,-999.000
350100002,119.290,26.110,-999.0,-999.0,-999.0,-999.0,-999.0,-999.0,-999.0,-999.0,-999.0,-999.0,-999.0,-999.0,-999.0,-999.0,-999.0,-999.0,-999.0,-999.000,-999.0,-999.0,-999.0,-999.0,-999.000,-999.0,-999.0,-999.0,-999.0,-999.000,-999.0,-999.000,-999.000,-999.0,-999.000,-999.0,-999.000,-999.000,-999.0,-999.000,-999.0,-999.0,-999.000,-999.000,-999.000
131100002,115.684,37.733,-999.0,-999.0,-999.0,-999.0,-999.0,-999.0,-999.0,-999.0,-999.0,-999.0,-999.0,-999.0,-999.0,-999.0,-999.0,-999.0,-999.0,-999.000,-999.0,-999.0,-999.0,-999.0,-999.000,-999.0,-999.0,-999.0,-999.0,-999.000,-999.0,-999.000,-999.000,-999.0,-999.000,-999.0,-999.000,-999.000,-999.0,-999.000,-999.0,-999.0,-999.000,-999.000,-999.000
130600002,115.481,38.836,-999.0,-999.0,-999.0,-999.0,-999.0,-999.0,-999.0,-999.0,-999.0,-999.0,-999.0,-999.0,-999.0,-999.0,-999.0,-999.0,-999.0,-999.000,-999.0,-999.0,-999.0,-999.0,-999.000,-999.0,-999.0,-999.0,-999.0,-999.000,-999.0,-999.000,-999.000,-999.0,-999.000,-999.0,-999.000,-999.000,-999.0,-999.000,-999.0,-999.0,-999.000,-999.000,-999.000
1320600001,120.948,31.991,-999.0,-999.0,-999.0,-999.0,-999.0,-999.0,-999.0,-999.0,-999.0,-999.0,-999.0,-999.0,-999.0,-999.0,-999.0,-999.0,-999.0,-999.000,-999.0,-999.0,-999.0,-999.0,-999.000,-999.0,-999.0,-999.0,-999.0,-999.000,-999.0,-999.000,-999.000,-999.0,-999.000,-999.0,-999.000,-999.000,-999.0,-999.000,-999.0,-999.0,-999.000,-999.000,-999.000
410600001,114.291,35.722,-999.0,-999.0,-999.0,-999.0,-999.0,-999.0,-999.0,-999.0,-999.0,-999.0,-999.0,-999.0,-999.0,-999.0,-999.0,-999.0,-999.0,-999.000,-999.0,-999.0,-999.0,-999.0,-999.000,-999.0,-999.0,-999.0,-999.0,-999.000,-999.0,-999.000,-999.000,-999.0,-999.000,-999.0,-999.000,-999.000,-999.0,-999.000,-999.0,-999.0,-999.000,-999.000,-999.000
370100002,117.062,36.658,-999.0,-999.0,-999.0,-999.0,-999.0,-999.0,-999.0,-999.0,-999.0,-999.0,-999.0,9.06408,3.10958,-999.0,0.01888,-999.0,0.81751,-999.000,-999.0,-999.0,-999.0,-999.0,-999.000,0.00160,0.00143,-999.0,-999.0,-999.000,-999.0,-999.000,-999.000,-999.0,-999.000,-999.0,-999.000,-999.000,-999.0,-999.000,-999.0,-999.0,-999.000,-999.000,-999.000
130100004,114.536,38.025,-999.0,-999.0,-999.0,-999.0,-999.0,-999.0,-999.0,-999.0,-999.0,-999.0,-999.0,-999.0,-999.0,-999.0,-999.0,-999.0,-999.0,-999.000,-999.0,-999.0,-999.0,-999.0,-999.000,-999.0,-999.0,-999.0,-999.0,-999.000,-999.0,-999.000,-999.000,-999.0,-999.000,-999.0,-999.000,-999.000,-999.0,-999.000,-999.0,-999.0,-999.000,-999.000,-999.000
1340100001,117.196,31.785,-999.0,-999.0,-999.0,-999.0,-999.0,-999.0,-999.0,-999.0,-999.0,-999.0,-999.0,-999.0,-999.0,-999.0,-999.0,-999.0,-999.0,-999.000,-999.0,-999.0,-999.0,-999.0,-999.000,-999.0,-999.0,-999.0,-999.0,-999.000,-999.0,-999.000,-999.000,-999.0,-999.000,-999.0,-999.000,-999.000,-999.0,-999.000,-999.0,-999.0,-999.000,-999.000,-999.000
371600001,118.006,37.380,-999.0,-999.0,-999.0,-999.0,-999.0,-999.0,-999.0,-999.0,-999.0,-999.0,-999.0,13.85417,3.76342,-999.0,-999.0,-999.0,-999.0,-999.000,-999.0,-999.0,-999.0,-999.0,-999.000,-999.0,-999.0,-999.0,-999.0,-999.000,-999.0,-999.000,-999.000,-999.0,-999.000,-999.0,-999.000,-999.000,-999.0,-999.000,-999.0,-999.0,-999.000,-999.000,-999.000
110000001,116.415,40.041,-999.0,-999.0,-999.0,-999.0,-999.0,-999.0,-999.0,-999.0,-999.0,-999.0,-999.0,-999.0,-999.0,-999.0,-999.0,-999.0,-999.0,-999.000,-999.0,-999.0,-999.0,-999.0,-999.000,-999.0,-999.0,-999.0,-999.0,-999.000,-999.0,-999.000,-999.000,-999.0,-999.000,-999.0,-999.000,-999.000,-999.0,-999.000,-999.0,-999.0,-999.000,-999.000,-999.000
110000012,116.426,40.048,133.66000,71.91000,-999.0,-999.0,-999.0,-999.0,-999.0,-999.0,-999.0,5.44400,-999.0,11.81000,3.09000,0.00562,-999.0,-999.0,0.76299,-999.000,0.68368,-999.0,-999.0,-999.0,-999.000,-999.0,-999.0,-999.0,-999.0,-999.000,0.00040,-999.000,-999.000,-999.0,-999.000,0.00173,-999.000,-999.000,-999.0,-999.000,0.00480,0.00645,-999.000,-999.000,-999.000
1306000001,116.034,39.492,-999.0,-999.0,-999.0,-999.0,-999.0,-999.0,-999.0,-999.0,-999.0,-999.0,-999.0,-999.0,-999.0,-999.0,-999.0,-999.0,-999.0,-999.000,-999.0,-999.0,-999.0,-999.0,-999.000,-999.0,-999.0,-999.0,-999.0,-999.000,-999.0,-999.000,-999.000,-999.0,-999.000,-999.0,-999.000,-999.000,-999.0,-999.000,-999.0,-999.0,-999.000,-999.000,-999.000
1307000001,114.898,40.837,-999.0,-999.0,-999.0,-999.0,-999.0,-999.0,-999.0,-999.0,-999.0,-999.0,-999.0,-999.0,-999.0,-999.0,-999.0,-999.0,-999.0,-999.000,-999.0,-999.0,-999.0,-999.0,-999.000,-999.0,-999.0,-999.0,-999.0,-999.000,-999.0,-999.000,-999.000,-999.0,-999.000,-999.0,-999.000,-999.000,-999.0,-999.000,-999.0,-999.0,-999.000,-999.000,-999.000
1311000001,115.694,37.808,-999.0,-999.0,-999.0,-999.0,-999.0,-999.0,-999.0,-999.0,-999.0,-999.0,-999.0,-999.0,-999.0,-999.0,-999.0,-999.0,-999.0,-999.000,-999.0,-999.0,-999.0,-999.0,-999.000,-999.0,-999.0,-999.0,-999.0,-999.000,-999.0,-999.000,-999.000,-999.0,-999.000,-999.0,-999.000,-999.000,-999.0,-999.000,-999.0,-999.0,-999.000,-999.000,-999.000
3701000001,117.610,36.720,-999.0,-999.0,-999.0,-999.0,-999.0,-999.0,-999.0,-999.0,-999.0,-999.0,-999.0,-999.0,-999.0,-999.0,-999.0,-999.0,-999.0,-999.000,-999.0,-999.0,-999.0,-999.0,-999.000,-999.0,-999.0,-999.0,-999.0,-999.000,-999.0,-999.000,-999.000,-999.0,-999.000,-999.0,-999.000,-999.000,-999.0,-999.000,-999.0,-999.0,-999.000,-999.000,-999.000
1200000004,117.850,39.494,-999.0,-999.0,-999.0,-999.0,-999.0,-999.0,-999.0,-999.0,-999.0,-999.0,-999.0,-999.0,-999.0,-999.0,-999.0,-999.0,-999.0,-999.000,-999.0,-999.0,-999.0,-999.0,-999.000,-999.0,-999.0,-999.0,-999.0,-999.000,-999.0,-999.000,-999.000,-999.0,-999.000,-999.0,-999.000,-999.000,-999.0,-999.000,-999.0,-999.0,-999.000,-999.000,-999.000
120000003,117.223,39.173,-999.0,-999.0,-999.0,-999.0,-999.0,-999.0,-999.0,-999.0,-999.0,-999.0,-999.0,-999.0,-999.0,-999.0,-999.0,-999.0,0.26382,-999.000,-999.0,-999.0,-999.0,-999.0,-999.000,-999.0,-999.0,-999.0,-999.0,-999.000,-999.0,-999.000,-999.000,-999.0,-999.000,-999.0,-999.000,-999.000,0.06044,-999.000,-999.0,-999.0,-999.000,-999.000,-999.000
140100001,112.547,37.874,-999.0,-999.0,-999.0,-999.0,-999.0,-999.0,-999.0,-999.0,-999.0,-999.0,-999.0,-999.0,-999.0,-999.0,-999.0,-999.0,-999.0,-999.000,-999.0,-999.0,-999.0,-999.0,-999.000,-999.0,-999.0,-999.0,-999.0,-999.000,-999.0,-999.000,-999.000,-999.0,-999.000,-999.0,-999.000,-999.000,-999.0,-999.000,-999.0,-999.0,-999.000,-999.000,-999.000
