stationcode,longitude,latitude,PM10,PM25,F-,Cl-,NO3-,SO42-,Ca2+,Na+,K+,NH4+,Mg2+,OC,EC,Hg,Br,As,Si,Se,Te,V,Ca,Ba,Sc,Pd,Mo,K,Pb,TI,Cu,Al,Cs,Ag,Zn,Sb,Sn,Cd,Ga,Cr,Ni,Fe,Mn,Ti,Co
110000006,116.041,39.597,-999.0,-999.0,-999.0,-999.0,-999.0,-999.0,-999.0,-999.0,-999.0,-999.0,-999.0,-999.0,-999.0,-999.0,-999.0,-999.0,-999.0,-999.0,-999.000,-999.0,-999.0,-999.0,-999.000,-999.000,-999.0,-999.0,-999.0,-999.0,-999.000,-999.000,-999.0,-999.000,-999.0,-999.0,-999.000,-999.000,-999.0,-999.000,-999.000,-999.000,-999.000,-999.000,-999.000
371500001,115.974,36.493,-999.0,-999.0,-999.0,-999.0,-999.0,-999.0,-999.0,-999.0,-999.0,-999.0,-999.0,15.86832,7.52505,-999.0,-999.0,-999.0,-999.0,-999.0,-999.000,-999.0,-999.0,-999.0,-999.000,-999.000,-999.0,-999.0,-999.0,-999.0,-999.000,-999.000,-999.0,-999.000,-999.0,-999.0,-999.000,-999.000,-999.0,-999.000,-999.000,-999.000,-999.000,-999.000,-999.000
150100001,111.752,40.841,-999.0,-999.0,-999.0,-999.0,-999.0,-999.0,-999.0,-999.0,-999.0,-999.0,-999.0,-999.0,-999.0,-999.0,-999.0,-999.0,-999.0,-999.0,-999.000,-999.0,-999.0,-999.0,-999.000,-999.000,-999.0,-999.0,-999.0,-999.0,-999.000,-999.000,-999.0,-999.000,-999.0,-999.0,-999.000,-999.000,-999.0,-999.000,-999.000,-999.000,-999.000,-999.000,-999.000
1320100001,118.754,32.055,-999.0,-999.0,-999.0,-999.0,-999.0,-999.0,-999.0,-999.0,-999.0,-999.0,-999.0,-999.0,-999.0,-999.0,-999.0,-999.0,-999.0,-999.0,-999.000,-999.0,-999.0,-999.0,-999.000,-999.000,-999.0,-999.0,-999.0,-999.0,-999.000,-999.000,-999.0,-999.000,-999.0,-999.0,-999.000,-999.000,-999.0,-999.000,-999.000,-999.000,-999.000,-999.000,-999.000
410200001,114.331,34.761,-999.0,-999.0,-999.0,-999.0,-999.0,-999.0,-999.0,-999.0,-999.0,-999.0,-999.0,-999.0,-999.0,-999.0,-999.0,-999.0,-999.0,-999.0,-999.000,-999.0,-999.0,-999.0,-999.000,-999.000,-999.0,-999.0,-999.0,-999.0,-999.000,-999.000,-999.0,-999.000,-999.0,-999.0,-999.000,-999.000,-999.0,-999.000,-999.000,-999.000,-999.000,-999.000,-999.000
140100002,112.482,37.719,-999.0,-999.0,-999.0,-999.0,-999.0,-999.0,-999.0,-999.0,-999.0,-999.0,-999.0,-999.0,-999.0,-999.0,-999.0,-999.0,-999.0,-999.0,-999.000,-999.0,-999.0,-999.0,-999.000,-999.000,-999.0,-999.0,-999.0,-999.0,-999.000,-999.000,-999.0,-999.000,-999.0,-999.0,-999.000,-999.000,-999.0,-999.000,-999.000,-999.000,-999.000,-999.000,-999.000
340100001,117.117,31.470,-999.0,-999.0,-999.0,-999.0,-999.0,-999.0,-999.0,-999.0,-999.0,-999.0,-999.0,-999.0,-999.0,-999.0,-999.0,-999.0,-999.0,-999.0,-999.000,-999.0,-999.0,-999.0,-999.000,-999.000,-999.0,-999.0,-999.0,-999.0,-999.000,-999.000,-999.0,-999.000,-999.0,-999.0,-999.000,-999.000,-999.0,-999.000,-999.000,-999.000,-999.000,-999.000,-999.000
410300001,112.419,34.613,-999.0,-999.0,0.07800,2.15000,16.88500,4.44400,-999.0,0.76500,0.14900,5.59500,0.16400,5.27000,1.19000,-999.0,-999.0,-999.0,-999.0,-999.0,-999.000,-999.0,-999.0,-999.0,-999.000,-999.000,-999.0,-999.0,-999.0,-999.0,-999.000,-999.000,-999.0,-999.000,-999.0,-999.0,-999.000,-999.000,-999.0,-999.000,-999.000,-999.000,-999.000,-999.000,-999.000
610100002,108.935,34.347,-999.0,-999.0,0.75100,2.99000,11.18800,4.14800,0.59700,0.59900,0.06400,4.20500,0.04400,12.67800,3.72100,-999.0,-999.0,-999.0,-999.0,-999.0,-999.000,-999.0,-999.0,-999.0,-999.000,-999.000,-999.0,-999.0,-999.0,-999.0,-999.000,-999.000,-999.0,-999.000,-999.0,-999.0,-999.000,-999.000,-999.0,-999.000,-999.000,-999.000,-999.000,-999.000,-999.000
1320300001,117.256,34.215,-999.0,-999.0,-999.0,-999.0,-999.0,-999.0,-999.0,-999.0,-999.0,-999.0,-999.0,-999.0,-999.0,-999.0,-999.0,-999.0,-999.0,-999.0,-999.000,-999.0,-999.0,-999.0,-999.000,-999.000,-999.0,-999.0,-999.0,-999.0,-999.000,-999.000,-999.0,-999.000,-999.0,-999.0,-999.000,-999.000,-999.0,-999.000,-999.000,-999.000,-999.000,-999.000,-999.000
130600003,115.482,38.926,-999.0,-999.0,-999.0,-999.0,-999.0,-999.0,-999.0,-999.0,-999.0,-999.0,-999.0,-999.0,-999.0,-999.0,-999.0,-999.0,-999.0,-999.0,-999.000,-999.0,-999.0,-999.0,-999.000,-999.000,-999.0,-999.0,-999.0,-999.0,-999.000,-999.000,-999.0,-999.000,-999.0,-999.0,-999.000,-999.000,-999.0,-999.000,-999.000,-999.000,-999.000,-999.000,-999.000
130500001,114.482,37.066,-999.0,-999.0,-999.0,-999.0,-999.0,-999.0,-999.0,-999.0,-999.0,-999.0,-999.0,-999.0,-999.0,-999.0,-999.0,-999.0,-999.0,-999.0,-999.000,-999.0,-999.0,-999.0,-999.000,-999.000,-999.0,-999.0,-999.0,-999.0,-999.000,-999.000,-999.0,-999.000,-999.0,-999.0,-999.000,-999.000,-999.0,-999.000,-999.000,-999.000,-999.000,-999.000,-999.000
110000005,116.326,39.521,-999.0,-999.0,-999.0,-999.0,-999.0,-999.0,-999.0,-999.0,-999.0,-999.0,-999.0,-999.0,-999.0,-999.0,-999.0,-999.0,-999.0,-999.0,-999.000,-999.0,-999.0,-999.0,-999.000,-999.000,-999.0,-999.0,-999.0,-999.0,-999.000,-999.000,-999.0,-999.000,-999.0,-999.0,-999.000,-999.000,-999.0,-999.000,-999.000,-999.000,-999.000,-999.000,-999.000
1640100001,106.225,38.489,-999.0,-999.0,-999.0,-999.0,-999.0,-999.0,-999.0,-999.0,-999.0,-999.0,-999.0,-999.0,-999.0,-999.0,-999.0,-999.0,-999.0,-999.0,-999.000,-999.0,-999.0,-999.0,-999.000,-999.000,-999.0,-999.0,-999.0,-999.0,-999.000,-999.000,-999.0,-999.000,-999.0,-999.0,-999.000,-999.000,-999.0,-999.000,-999.000,-999.000,-999.000,-999.000,-999.000
130700002,114.904,40.769,-999.0,-999.0,-999.0,-999.0,-999.0,-999.0,-999.0,-999.0,-999.0,-999.0,-999.0,-999.0,-999.0,-999.0,-999.0,-999.0,-999.0,-999.0,-999.000,-999.0,-999.0,-999.0,-999.000,-999.000,-999.0,-999.0,-999.0,-999.0,-999.000,-999.000,-999.0,-999.000,-999.0,-999.0,-999.000,-999.000,-999.0,-999.000,-999.000,-999.000,-999.000,-999.000,-999.000
141000001,111.526,36.063,-999.0,-999.0,0.00400,6.74400,7.24500,5.03000,2.75300,1.73700,1.10200,4.97800,0.24800,13.63400,5.75800,-999.0,-999.0,-999.0,-999.0,-999.0,-999.000,-999.0,-999.0,-999.0,-999.000,-999.000,-999.0,-999.0,-999.0,-999.0,-999.000,-999.000,-999.0,-999.000,-999.0,-999.0,-999.000,-999.000,-999.0,-999.000,-999.000,-999.000,-999.000,-999.000,-999.000
1411200001,111.278,34.716,-999.0,-999.0,-999.0,-999.0,-999.0,-999.0,-999.0,-999.0,-999.0,-999.0,-999.0,-999.0,-999.0,-999.0,-999.0,-999.0,-999.0,-999.0,-999.000,-999.0,-999.0,-999.0,-999.000,-999.000,-999.0,-999.0,-999.0,-999.0,-999.000,-999.000,-999.0,-999.000,-999.0,-999.0,-999.000,-999.000,-999.0,-999.000,-999.000,-999.000,-999.000,-999.000,-999.000
130300002,119.584,39.955,-999.0,-999.0,-999.0,-999.0,-999.0,-999.0,-999.0,-999.0,-999.0,-999.0,-999.0,-999.0,-999.0,-999.0,-999.0,-999.0,-999.0,-999.0,-999.000,-999.0,-999.0,-999.0,-999.000,-999.000,-999.0,-999.0,-999.0,-999.0,-999.000,-999.000,-999.0,-999.000,-999.0,-999.0,-999.000,-999.000,-999.0,-999.000,-999.000,-999.000,-999.000,-999.000,-999.000
140500001,112.857,35.488,-999.0,-999.0,-999.0,-999.0,-999.0,-999.0,-999.0,-999.0,-999.0,-999.0,-999.0,8.93586,1.46400,-999.0,-999.0,-999.0,-999.0,-999.0,-999.000,-999.0,-999.0,-999.0,-999.000,-999.000,-999.0,-999.0,-999.0,-999.0,-999.000,-999.000,-999.0,-999.000,-999.0,-999.0,-999.000,-999.000,-999.0,-999.000,-999.000,-999.000,-999.000,-999.000,-999.000
140300001,113.589,37.848,-999.0,-999.0,0.18000,-999.0,-999.0,-999.0,-999.0,-999.0,-999.0,-999.0,-999.0,-999.0,-999.0,-999.0,-999.0,-999.0,-999.0,-999.0,-999.000,-999.0,-999.0,-999.0,-999.000,-999.000,-999.0,-999.0,-999.0,-999.0,-999.000,-999.000,-999.0,-999.000,-999.0,-999.0,-999.000,-999.000,-999.0,-999.000,-999.000,-999.000,-999.000,-999.000,-999.000
120000005,117.042,39.384,-999.0,-999.0,-999.0,-999.0,-999.0,-999.0,-999.0,-999.0,-999.0,-999.0,-999.0,-999.0,-999.0,-999.0,-999.0,-999.0,-999.0,-999.0,-999.000,-999.0,-999.0,-999.0,-999.000,-999.000,-999.0,-999.0,-999.0,-999.0,-999.000,-999.000,-999.0,-999.000,-999.0,-999.0,-999.000,-999.000,-999.0,-999.000,-999.000,-999.000,-999.000,-999.000,-999.000
320100001,118.762,32.066,-999.0,-999.0,-999.0,-999.0,-999.0,-999.0,-999.0,-999.0,-999.0,-999.0,-999.0,-999.0,-999.0,-999.0,-999.0,-999.0,-999.0,-999.0,-999.000,-999.0,-999.0,-999.0,-999.000,-999.000,-999.0,-999.0,-999.0,-999.0,-999.000,-999.000,-999.0,-999.000,-999.0,-999.0,-999.000,-999.000,-999.0,-999.000,-999.000,-999.000,-999.000,-999.000,-999.000
370100001,117.171,36.669,-999.0,-999.0,-999.0,-999.0,-999.0,-999.0,-999.0,-999.0,-999.0,-999.0,-999.0,-999.0,-999.0,-999.0,-999.0,-999.0,-999.0,-999.0,-999.000,-999.0,-999.0,-999.0,-999.000,-999.000,-999.0,-999.0,-999.0,-999.0,-999.000,-999.000,-999.0,-999.000,-999.0,-999.0,-999.000,-999.000,-999.0,-999.000,-999.000,-999.000,-999.000,-999.000,-999.000
110000016,116.732,40.203,-999.0,-999.0,-999.0,-999.0,-999.0,-999.0,-999.0,-999.0,-999.0,-999.0,-999.0,-999.0,-999.0,-999.0,-999.0,-999.0,-999.0,-999.0,-999.000,-999.0,-999.0,-999.0,-999.000,-999.000,-999.0,-999.0,-999.0,-999.0,-999.000,-999.000,-999.0,-999.000,-999.0,-999.0,-999.000,-999.000,-999.0,-999.000,-999.000,-999.000,-999.000,-999.000,-999.000
120000004,117.283,39.683,-999.0,-999.0,-999.0,-999.0,-999.0,-999.0,-999.0,-999.0,-999.0,-999.0,-999.0,-999.0,-999.0,-999.0,-999.0,-999.0,-999.0,-999.0,-999.000,-999.0,-999.0,-999.0,-999.000,-999.000,-999.0,-999.0,-999.0,-999.0,-999.000,-999.000,-999.0,-999.000,-999.0,-999.0,-999.000,-999.000,-999.0,-999.000,-999.000,-999.000,-999.000,-999.000,-999.000
370300001,117.983,36.835,-999.0,-999.0,-999.0,-999.0,-999.0,-999.0,-999.0,-999.0,-999.0,-999.0,-999.0,14.87162,2.49704,-999.0,-999.0,-999.0,-999.0,-999.0,-999.000,-999.0,-999.0,-999.0,-999.000,-999.000,-999.0,-999.0,-999.0,-999.0,-999.000,-999.000,-999.0,-999.000,-999.0,-999.0,-999.000,-999.000,-999.0,-999.000,-999.000,-999.000,-999.000,-999.000,-999.000
130600004,115.946,38.945,-999.0,-999.0,-999.0,-999.0,-999.0,-999.0,-999.0,-999.0,-999.0,-999.0,-999.0,-999.0,-999.0,-999.0,-999.0,-999.0,-999.0,-999.0,-999.000,-999.0,-999.0,-999.0,-999.000,-999.000,-999.0,-999.0,-999.0,-999.0,-999.000,-999.000,-999.0,-999.000,-999.0,-999.0,-999.000,-999.000,0.00228,-999.000,-999.000,-999.000,-999.000,-999.000,-999.000
140400001,113.110,36.199,-999.0,-999.0,-999.0,-999.0,-999.0,-999.0,-999.0,-999.0,-999.0,-999.0,-999.0,-999.0,-999.0,-999.0,-999.0,-999.0,-999.0,-999.0,-999.000,-999.0,-999.0,-999.0,-999.000,-999.000,-999.0,-999.0,-999.0,-999.0,-999.000,-999.000,-999.0,-999.000,-999.0,-999.0,-999.000,-999.000,-999.0,-999.000,-999.000,-999.000,-999.000,-999.000,-999.000
430100001,113.090,28.204,-999.0,-999.0,-999.0,-999.0,-999.0,-999.0,-999.0,-999.0,-999.0,-999.0,-999.0,-999.0,-999.0,-999.0,-999.0,-999.0,-999.0,-999.0,-999.000,-999.0,-999.0,-999.0,-999.000,-999.000,-999.0,-999.0,-999.0,-999.0,-999.000,-999.000,-999.0,-999.000,-999.0,-999.0,-999.000,-999.000,-999.0,-999.000,-999.000,-999.000,-999.000,-999.000,-999.000
131000005,116.702,39.545,-999.0,-999.0,-999.0,-999.0,-999.0,-999.0,-999.0,-999.0,-999.0,-999.0,-999.0,-999.0,3.69700,-999.0,-999.0,-999.0,-999.0,-999.0,-999.000,-999.0,-999.0,-999.0,-999.000,-999.000,-999.0,-999.0,-999.0,-999.0,-999.000,-999.000,-999.0,-999.000,-999.0,-999.0,-999.000,-999.000,-999.0,-999.000,-999.000,-999.000,-999.000,-999.000,-999.000
110000004,116.424,40.049,-999.0,-999.0,-999.0,-999.0,-999.0,-999.0,-999.0,-999.0,-999.0,-999.0,-999.0,-999.0,-999.0,-999.0,-999.0,-999.0,-999.0,-999.0,-999.000,-999.0,-999.0,-999.0,-999.000,-999.000,-999.0,-999.0,-999.0,-999.0,-999.000,-999.000,-999.0,-999.000,-999.0,-999.0,-999.000,-999.000,-999.0,-999.000,-999.000,-999.000,-999.000,-999.000,-999.000
130900003,116.839,38.304,-999.0,-999.0,-999.0,-999.0,-999.0,-999.0,-999.0,-999.0,-999.0,-999.0,-999.0,-999.0,-999.0,-999.0,-999.0,-999.0,-999.0,-999.0,-999.000,-999.0,-999.0,-999.0,-999.000,-999.000,-999.0,-999.0,-999.0,-999.0,-999.000,-999.000,-999.0,-999.000,-999.0,-999.0,-999.000,-999.000,-999.0,-999.000,-999.000,-999.000,-999.000,-999.000,-999.000
371400003,115.823,36.952,-999.0,-999.0,-999.0,-999.0,-999.0,-999.0,-999.0,-999.0,-999.0,-999.0,-999.0,28.09725,8.31000,-999.0,-999.0,-999.0,-999.0,-999.0,-999.000,-999.0,-999.0,-999.0,-999.000,-999.000,-999.0,-999.0,-999.0,-999.0,-999.000,-999.000,-999.0,-999.000,-999.0,-999.0,-999.000,-999.000,-999.0,-999.000,-999.000,-999.000,-999.000,-999.000,-999.000
130300001,119.622,39.912,-999.0,-999.0,-999.0,-999.0,-999.0,-999.0,-999.0,-999.0,-999.0,-999.0,-999.0,-999.0,-999.0,-999.0,-999.0,-999.0,-999.0,-999.0,-999.000,-999.0,-999.0,-999.0,-999.000,-999.000,-999.0,-999.0,-999.0,-999.0,-999.000,-999.000,-999.0,-999.000,-999.0,-999.0,-999.000,-999.000,-999.0,-999.000,-999.000,-999.000,-999.000,-999.000,-999.000
131000003,116.709,39.551,-999.0,-999.0,-999.0,-999.0,-999.0,-999.0,-999.0,-999.0,-999.0,-999.0,-999.0,-999.0,-999.0,-999.0,-999.0,-999.0,-999.0,-999.0,-999.000,-999.0,-999.0,-999.0,-999.000,-999.000,-999.0,-999.0,-999.0,-999.0,-999.000,-999.000,-999.0,-999.000,-999.0,-999.0,-999.000,-999.000,-999.0,-999.000,-999.000,-999.000,-999.000,-999.000,-999.000
1320200001,120.317,31.513,-999.0,-999.0,-999.0,-999.0,-999.0,-999.0,-999.0,-999.0,-999.0,-999.0,-999.0,-999.0,-999.0,-999.0,-999.0,-999.0,-999.0,-999.0,-999.000,-999.0,-999.0,-999.0,-999.000,-999.000,-999.0,-999.0,-999.0,-999.0,-999.000,-999.000,-999.0,-999.000,-999.0,-999.0,-999.000,-999.000,-999.0,-999.000,-999.000,-999.000,-999.000,-999.000,-999.000
110000010,116.266,39.499,-999.0,-999.0,-999.0,-999.0,-999.0,-999.0,-999.0,-999.0,-999.0,-999.0,-999.0,-999.0,-999.0,-999.0,-999.0,-999.0,-999.0,-999.0,-999.000,-999.0,-999.0,-999.0,-999.000,-999.000,-999.0,-999.0,-999.0,-999.0,-999.000,-999.000,-999.0,-999.000,-999.0,-999.0,-999.000,-999.000,-999.0,-999.000,-999.000,-999.000,-999.000,-999.000,-999.000
130200001,118.130,39.634,-999.0,-999.0,-999.0,-999.0,-999.0,-999.0,-999.0,-999.0,-999.0,-999.0,-999.0,-999.0,-999.0,-999.0,-999.0,-999.0,-999.0,-999.0,-999.000,-999.0,-999.0,-999.0,-999.000,-999.000,-999.0,-999.0,-999.0,-999.0,-999.000,-999.000,-999.0,-999.000,-999.0,-999.0,-999.000,-999.000,-999.0,-999.000,-999.000,-999.000,-999.000,-999.000,-999.000
110000002,116.342,39.727,-999.0,-999.0,-999.0,-999.0,-999.0,-999.0,-999.0,-999.0,-999.0,-999.0,-999.0,-999.0,-999.0,-999.0,-999.0,-999.0,-999.0,-999.0,-999.000,-999.0,-999.0,-999.0,-999.000,-999.000,-999.0,-999.0,-999.0,-999.0,-999.000,-999.000,-999.0,-999.000,-999.0,-999.0,-999.000,-999.000,-999.0,-999.000,-999.000,-999.000,-999.000,-999.000,-999.000
131100003,115.678,37.732,-999.0,-999.0,-999.0,-999.0,-999.0,-999.0,-999.0,-999.0,-999.0,-999.0,-999.0,-999.0,-999.0,-999.0,-999.0,-999.0,-999.0,-999.0,-999.000,-999.0,-999.0,-999.0,-999.000,-999.000,-999.0,-999.0,-999.0,-999.0,-999.000,-999.000,-999.0,-999.000,-999.0,-999.0,-999.000,-999.000,-999.0,-999.000,-999.000,-999.000,-999.000,-999.000,-999.000
110000008,116.684,39.542,-999.0,-999.0,-999.0,-999.0,-999.0,-999.0,-999.0,-999.0,-999.0,-999.0,-999.0,-999.0,-999.0,-999.0,-999.0,-999.0,-999.0,-999.0,-999.000,-999.0,-999.0,-999.0,-999.000,-999.000,-999.0,-999.0,-999.0,-999.0,-999.000,-999.000,-999.0,-999.000,-999.0,-999.0,-999.000,-999.000,-999.0,-999.000,-999.000,-999.000,-999.000,-999.000,-999.000
410500002,114.398,36.089,-999.0,-999.0,-999.0,-999.0,-999.0,-999.0,-999.0,-999.0,-999.0,-999.0,-999.0,-999.0,-999.0,-999.0,-999.0,-999.0,-999.0,-999.0,-999.000,-999.0,-999.0,-999.0,-999.000,-999.000,-999.0,-999.0,-999.0,-999.0,-999.000,-999.000,-999.0,-999.000,-999.0,-999.0,-999.000,-999.000,-999.0,-999.000,-999.000,-999.000,-999.000,-999.000,-999.000
130400002,114.497,36.571,-999.0,-999.0,-999.0,-999.0,-999.0,-999.0,-999.0,-999.0,-999.0,-999.0,-999.0,-999.0,-999.0,-999.0,-999.0,-999.0,-999.0,-999.0,-999.000,-999.0,-999.0,-999.0,-999.000,-999.000,-999.0,-999.0,-999.0,-999.0,-999.000,-999.000,-999.0,-999.000,-999.0,-999.0,-999.000,-999.000,-999.0,-999.000,-999.000,-999.000,-999.000,-999.000,-999.000
370800001,116.623,35.429,-999.0,-999.0,-999.0,-999.0,-999.0,-999.0,-999.0,-999.0,-999.0,-999.0,-999.0,11.32004,6.21525,-999.0,-999.0,-999.0,-999.0,-999.0,-999.000,-999.0,-999.0,-999.0,-999.000,-999.000,-999.0,-999.0,-999.0,-999.0,-999.000,-999.000,-999.0,-999.000,-999.0,-999.0,-999.000,-999.000,-999.0,-999.000,-999.000,-999.000,-999.000,-999.000,-999.000
110000009,116.771,39.628,-999.0,-999.0,-999.0,30.10000,0.25000,200.00000,-999.0,3000.00000,0.14000,0.25000,-999.0,-999.0,-999.0,-999.0,-999.0,-999.0,-999.0,-999.0,-999.000,-999.0,-999.0,-999.0,-999.000,-999.000,-999.0,-999.0,-999.0,-999.0,-999.000,-999.000,-999.0,-999.000,-999.0,-999.0,-999.000,-999.000,-999.0,-999.000,-999.000,-999.000,-999.000,-999.000,-999.000
110000011,115.831,39.542,-999.0,-999.0,2.45823,0.08407,2.25093,-999.0,-999.0,3.66137,0.03840,1.61567,0.19210,-999.0,-999.0,-999.0,-999.0,-999.0,-999.0,-999.0,-999.000,-999.0,-999.0,-999.0,-999.000,-999.000,-999.0,-999.0,-999.0,-999.0,-999.000,-999.000,-999.0,-999.000,-999.0,-999.0,-999.000,-999.000,-999.0,-999.000,-999.000,-999.000,-999.000,-999.000,-999.000
120000001,117.159,39.099,-999.0,-999.0,-999.0,-999.0,-999.0,-999.0,-999.0,-999.0,-999.0,-999.0,-999.0,-999.0,-999.0,-999.0,-999.0,-999.0,-999.0,-999.0,-999.000,-999.0,-999.0,-999.0,-999.000,-999.000,-999.0,-999.0,-999.0,-999.0,-999.000,-999.000,-999.0,-999.000,-999.0,-999.0,-999.000,-999.000,-999.0,-999.000,-999.000,-999.000,-999.000,-999.000,-999.000
131000004,117.006,39.761,-999.0,-999.0,-999.0,-999.0,-999.0,-999.0,-999.0,-999.0,-999.0,-999.0,-999.0,-999.0,-999.0,-999.0,-999.0,-999.0,-999.0,-999.0,-999.000,-999.0,-999.0,-999.0,-999.000,-999.000,-999.0,-999.0,-999.0,-999.0,-999.000,-999.000,-999.0,-999.000,-999.0,-999.0,-999.000,-999.000,-999.0,-999.000,-999.000,-999.000,-999.000,-999.000,-999.000
410900001,115.032,35.763,-999.0,-999.0,-999.0,-999.0,-999.0,-999.0,-999.0,-999.0,-999.0,-999.0,-999.0,-999.0,-999.0,-999.0,-999.0,-999.0,-999.0,-999.0,-999.000,-999.0,-999.0,-999.0,-999.000,-999.000,-999.0,-999.0,-999.0,-999.0,-999.000,-999.000,-999.0,-999.000,-999.0,-999.0,-999.000,-999.000,-999.0,-999.000,-999.000,-999.000,-999.000,-999.000,-999.000
410700002,113.924,35.303,-999.0,-999.0,-999.0,-999.0,-999.0,-999.0,-999.0,-999.0,-999.0,-999.0,-999.0,-999.0,-999.0,-999.0,-999.0,-999.0,-999.0,-999.0,-999.000,-999.0,-999.0,-999.0,-999.000,-999.000,-999.0,-999.0,-999.0,-999.0,-999.000,-999.000,-999.0,-999.000,-999.0,-999.0,-999.000,-999.000,-999.0,-999.000,-999.000,-999.000,-999.000,-999.000,-999.000
130100005,114.480,38.094,-999.0,-999.0,-999.0,-999.0,-999.0,-999.0,-999.0,-999.0,-999.0,-999.0,-999.0,-999.0,-999.0,-999.0,-999.0,-999.0,0.44265,0.00620,-999.000,0.00371,0.30983,-999.0,-999.000,-999.000,-999.0,0.72810,0.05881,0.00991,-999.000,-999.000,0.01028,-999.000,0.18317,-999.0,-999.000,-999.000,-999.0,-999.000,-999.000,-999.000,-999.000,-999.000,-999.000
120000006,117.412,40.055,-999.0,-999.0,1.24600,-999.0,-999.0,-999.0,-999.0,-999.0,-999.0,-999.0,-999.0,12.66500,1.43400,-999.0,-999.0,-999.0,-999.0,-999.0,-999.000,-999.0,-999.0,-999.0,-999.000,-999.000,-999.0,-999.0,-999.0,-999.0,-999.000,-999.000,-999.0,-999.000,-999.0,-999.0,-999.000,-999.000,-999.0,-999.000,-999.000,-999.000,-999.000,-999.000,-999.000
410100002,113.606,34.748,-999.0,-999.0,-999.0,-999.0,-999.0,-999.0,-999.0,-999.0,-999.0,-999.0,-999.0,-999.0,-999.0,-999.0,-999.0,-999.0,-999.0,-999.0,-999.000,-999.0,-999.0,-999.0,-999.000,-999.000,-999.0,-999.0,-999.0,-999.0,-999.000,-999.000,-999.0,-999.000,-999.0,-999.0,-999.000,-999.000,-999.0,-999.000,-999.000,-999.000,-999.000,-999.000,-999.000
130700003,114.895,40.834,-999.0,-999.0,-999.0,-999.0,7.07000,2.70800,-999.0,-999.0,-999.0,-999.0,-999.0,9.72300,-999.0,-999.0,-999.0,-999.0,-999.0,-999.0,-999.000,-999.0,-999.0,-999.0,-999.000,-999.000,-999.0,-999.0,-999.0,-999.0,-999.000,-999.000,-999.0,-999.000,-999.0,-999.0,-999.000,-999.000,-999.0,-999.000,-999.000,-999.000,-999.000,-999.000,-999.000
130500002,114.532,37.086,-999.0,-999.0,-999.0,-999.0,-999.0,-999.0,-999.0,-999.0,-999.0,-999.0,-999.0,-999.0,-999.0,-999.0,-999.0,-999.0,-999.0,-999.0,-999.000,-999.0,-999.0,-999.0,-999.000,-999.000,-999.0,-999.0,-999.0,-999.0,-999.000,-999.000,-999.0,-999.000,-999.0,-999.0,-999.000,-999.000,-999.0,-999.000,-999.000,-999.000,-999.000,-999.000,-999.000
410800001,113.279,35.206,-999.0,-999.0,-999.0,-999.0,-999.0,-999.0,-999.0,-999.0,-999.0,-999.0,-999.0,-999.0,-999.0,-999.0,-999.0,-999.0,-999.0,-999.0,-999.000,-999.0,-999.0,-999.0,-999.000,-999.000,-999.0,-999.0,-999.0,-999.0,-999.000,-999.000,-999.0,-999.000,-999.0,-999.0,-999.000,-999.000,-999.0,-999.000,-999.000,-999.000,-999.000,-999.000,-999.000
130200002,118.193,39.623,-999.0,-999.0,-999.0,-999.0,-999.0,-999.0,-999.0,-999.0,-999.0,-999.0,-999.0,-999.0,-999.0,-999.0,-999.0,-999.0,-999.0,-999.0,-999.000,-999.0,-999.0,-999.0,-999.000,-999.000,-999.0,-999.0,-999.0,-999.0,-999.000,-999.000,-999.0,-999.000,-999.0,-999.0,-999.000,-999.000,-999.0,-999.000,-999.000,-999.000,-999.000,-999.000,-999.000
410500001,114.399,36.089,-999.0,-999.0,-999.0,-999.0,-999.0,-999.0,-999.0,-999.0,-999.0,-999.0,-999.0,-999.0,-999.0,-999.0,-999.0,-999.0,-999.0,-999.0,-999.000,-999.0,-999.0,-999.0,-999.000,-999.000,-999.0,-999.0,-999.0,-999.0,-999.000,-999.000,-999.0,-999.000,-999.0,-999.0,-999.000,-999.000,-999.0,-999.000,-999.000,-999.000,-999.000,-999.000,-999.000
140800001,110.968,35.031,-999.0,-999.0,-999.0,2.97400,13.41800,7.03300,0.01300,0.67800,0.24600,8.06300,0.04200,28.26400,5.05600,-999.0,-999.0,-999.0,-999.0,-999.0,-999.000,-999.0,-999.0,-999.0,-999.000,-999.000,-999.0,-999.0,-999.0,-999.0,-999.000,-999.000,-999.0,-999.000,-999.0,-999.0,-999.000,-999.000,-999.0,-999.000,-999.000,-999.000,-999.000,-999.000,-999.000
371700001,115.522,35.213,-999.0,-999.0,-999.0,-999.0,-999.0,-999.0,-999.0,-999.0,-999.0,-999.0,-999.0,8.00617,3.10729,-999.0,-999.0,-999.0,-999.0,-999.0,-999.000,-999.0,-999.0,-999.0,-999.000,-999.000,-999.0,-999.0,-999.0,-999.0,-999.000,-999.000,-999.0,-999.000,-999.0,-999.0,-999.000,-999.000,-999.0,-999.000,-999.000,-999.000,-999.000,-999.000,-999.000
410100003,113.733,34.772,-999.0,-999.0,-999.0,-999.0,-999.0,-999.0,-999.0,-999.0,-999.0,-999.0,-999.0,-999.0,-999.0,-999.0,0.01568,-999.0,-999.0,-999.0,-999.000,0.00841,-999.0,-999.0,-999.000,-999.000,0.03919,-999.0,-999.0,-999.0,-999.000,-999.000,-999.0,-999.000,0.08341,-999.0,-999.000,-999.000,-999.0,-999.000,-999.000,-999.000,-999.000,-999.000,-999.000
371400002,116.362,37.444,-999.0,-999.0,-999.0,-999.0,-999.0,-999.0,-999.0,-999.0,-999.0,-999.0,-999.0,-999.0,-999.0,-999.0,-999.0,-999.0,-999.0,-999.0,-999.000,-999.0,-999.0,-999.0,-999.000,-999.000,-999.0,-999.0,-999.0,-999.0,-999.000,-999.000,-999.0,-999.000,-999.0,-999.0,-999.000,-999.000,-999.0,-999.000,-999.000,-999.000,-999.000,-999.000,-999.000
1320500001,120.630,31.286,-999.0,-999.0,-999.0,-999.0,-999.0,-999.0,-999.0,-999.0,-999.0,-999.0,-999.0,-999.0,-999.0,-999.0,-999.0,-999.0,-999.0,-999.0,-999.000,-999.0,-999.0,-999.0,-999.000,-999.000,-999.0,-999.0,-999.0,-999.0,-999.000,-999.000,-999.0,-999.000,-999.0,-999.0,-999.000,-999.000,-999.0,-999.000,-999.000,-999.000,-999.000,-999.000,-999.000
110000003,116.322,39.105,-999.0,-999.0,-999.0,-999.0,-999.0,-999.0,-999.0,-999.0,-999.0,-999.0,-999.0,-999.0,-999.0,-999.0,-999.0,-999.0,-999.0,-999.0,-999.000,-999.0,-999.0,-999.0,-999.000,-999.000,-999.0,-999.0,-999.0,-999.0,-999.000,-999.000,-999.0,-999.000,-999.0,-999.0,-999.000,-999.000,-999.0,-999.000,-999.000,-999.000,-999.000,-999.000,-999.000
350100002,119.290,26.110,-999.0,-999.0,-999.0,-999.0,-999.0,-999.0,-999.0,-999.0,-999.0,-999.0,-999.0,-999.0,-999.0,-999.0,-999.0,-999.0,-999.0,-999.0,-999.000,-999.0,-999.0,-999.0,-999.000,-999.000,-999.0,-999.0,-999.0,-999.0,-999.000,-999.000,-999.0,-999.000,-999.0,-999.0,-999.000,-999.000,-999.0,-999.000,-999.000,-999.000,-999.000,-999.000,-999.000
131100002,115.684,37.733,-999.0,-999.0,-999.0,-999.0,-999.0,-999.0,-999.0,-999.0,-999.0,-999.0,-999.0,-999.0,-999.0,-999.0,-999.0,-999.0,-999.0,-999.0,-999.000,-999.0,-999.0,-999.0,-999.000,-999.000,-999.0,-999.0,-999.0,-999.0,-999.000,-999.000,-999.0,-999.000,-999.0,-999.0,-999.000,-999.000,-999.0,-999.000,-999.000,-999.000,-999.000,-999.000,-999.000
130600002,115.481,38.836,-999.0,-999.0,-999.0,-999.0,-999.0,-999.0,-999.0,-999.0,-999.0,-999.0,-999.0,-999.0,-999.0,-999.0,-999.0,-999.0,-999.0,-999.0,-999.000,-999.0,-999.0,-999.0,-999.000,-999.000,-999.0,-999.0,-999.0,-999.0,-999.000,-999.000,-999.0,-999.000,-999.0,-999.0,-999.000,-999.000,-999.0,-999.000,-999.000,-999.000,-999.000,-999.000,-999.000
1320600001,120.948,31.991,-999.0,-999.0,-999.0,-999.0,-999.0,-999.0,-999.0,-999.0,-999.0,-999.0,-999.0,-999.0,-999.0,-999.0,-999.0,-999.0,-999.0,-999.0,-999.000,-999.0,-999.0,-999.0,-999.000,-999.000,-999.0,-999.0,-999.0,-999.0,-999.000,-999.000,-999.0,-999.000,-999.0,-999.0,-999.000,-999.000,-999.0,-999.000,-999.000,-999.000,-999.000,-999.000,-999.000
410600001,114.291,35.722,-999.0,-999.0,-999.0,-999.0,-999.0,-999.0,-999.0,-999.0,-999.0,-999.0,-999.0,-999.0,-999.0,-999.0,-999.0,-999.0,-999.0,-999.0,-999.000,-999.0,-999.0,-999.0,-999.000,-999.000,-999.0,-999.0,-999.0,-999.0,-999.000,-999.000,-999.0,-999.000,-999.0,-999.0,-999.000,-999.000,-999.0,-999.000,-999.000,-999.000,-999.000,-999.000,-999.000
370100002,117.062,36.658,-999.0,-999.0,-999.0,-999.0,-999.0,-999.0,-999.0,-999.0,-999.0,-999.0,-999.0,9.02217,2.62183,-999.0,-999.0,0.01059,0.86121,-999.0,-999.000,-999.0,-999.0,0.03879,-999.000,-999.000,-999.0,1.24336,-999.0,-999.0,-999.000,-999.000,-999.0,-999.000,0.15512,-999.0,-999.000,-999.000,-999.0,-999.000,-999.000,-999.000,-999.000,-999.000,-999.000
130100004,114.536,38.025,-999.0,-999.0,-999.0,-999.0,-999.0,-999.0,-999.0,-999.0,-999.0,-999.0,-999.0,-999.0,-999.0,-999.0,-999.0,-999.0,-999.0,-999.0,-999.000,-999.0,-999.0,-999.0,-999.000,-999.000,-999.0,-999.0,-999.0,-999.0,-999.000,-999.000,-999.0,-999.000,-999.0,-999.0,-999.000,-999.000,-999.0,-999.000,-999.000,-999.000,-999.000,-999.000,-999.000
1340100001,117.196,31.785,-999.0,-999.0,-999.0,-999.0,-999.0,-999.0,-999.0,-999.0,-999.0,-999.0,-999.0,-999.0,-999.0,-999.0,-999.0,-999.0,-999.0,-999.0,-999.000,-999.0,-999.0,-999.0,-999.000,-999.000,-999.0,-999.0,-999.0,-999.0,-999.000,-999.000,-999.0,-999.000,-999.0,-999.0,-999.000,-999.000,-999.0,-999.000,-999.000,-999.000,-999.000,-999.000,-999.000
371600001,118.006,37.380,-999.0,-999.0,-999.0,-999.0,-999.0,-999.0,-999.0,-999.0,-999.0,-999.0,-999.0,13.31358,2.94721,-999.0,-999.0,-999.0,-999.0,-999.0,-999.000,-999.0,-999.0,-999.0,-999.000,-999.000,-999.0,-999.0,-999.0,-999.0,-999.000,-999.000,-999.0,-999.000,-999.0,-999.0,-999.000,-999.000,-999.0,-999.000,-999.000,-999.000,-999.000,-999.000,-999.000
110000001,116.415,40.041,-999.0,-999.0,-999.0,-999.0,-999.0,-999.0,-999.0,-999.0,-999.0,-999.0,-999.0,-999.0,-999.0,-999.0,-999.0,-999.0,-999.0,-999.0,-999.000,-999.0,-999.0,-999.0,-999.000,-999.000,-999.0,-999.0,-999.0,-999.0,-999.000,-999.000,-999.0,-999.000,-999.0,-999.0,-999.000,-999.000,-999.0,-999.000,-999.000,-999.000,-999.000,-999.000,-999.000
110000012,116.426,40.048,60.78000,40.88000,-999.0,0.51000,1.93000,5.20000,0.44000,0.07000,0.14000,1.03000,0.03000,2.24000,0.30000,0.01250,0.00194,-999.0,-999.0,-999.0,-999.000,-999.0,-999.0,-999.0,-999.000,-999.000,-999.0,-999.0,-999.0,-999.0,-999.000,-999.000,-999.0,-999.000,-999.0,-999.0,-999.000,-999.000,-999.0,-999.000,-999.000,-999.000,-999.000,-999.000,-999.000
1306000001,116.034,39.492,-999.0,-999.0,-999.0,-999.0,-999.0,-999.0,-999.0,-999.0,-999.0,-999.0,-999.0,-999.0,-999.0,-999.0,-999.0,-999.0,-999.0,-999.0,-999.000,-999.0,-999.0,-999.0,-999.000,-999.000,-999.0,-999.0,-999.0,-999.0,-999.000,-999.000,-999.0,-999.000,-999.0,-999.0,-999.000,-999.000,-999.0,-999.000,-999.000,-999.000,-999.000,-999.000,-999.000
1307000001,114.898,40.837,-999.0,-999.0,-999.0,-999.0,-999.0,-999.0,-999.0,-999.0,-999.0,-999.0,-999.0,-999.0,-999.0,-999.0,-999.0,-999.0,-999.0,-999.0,-999.000,-999.0,-999.0,-999.0,-999.000,-999.000,-999.0,-999.0,-999.0,-999.0,-999.000,-999.000,-999.0,-999.000,-999.0,-999.0,-999.000,-999.000,-999.0,-999.000,-999.000,-999.000,-999.000,-999.000,-999.000
1311000001,115.694,37.808,-999.0,-999.0,-999.0,-999.0,-999.0,-999.0,-999.0,-999.0,-999.0,-999.0,-999.0,-999.0,-999.0,-999.0,-999.0,-999.0,-999.0,-999.0,-999.000,-999.0,-999.0,-999.0,-999.000,-999.000,-999.0,-999.0,-999.0,-999.0,-999.000,-999.000,-999.0,-999.000,-999.0,-999.0,-999.000,-999.000,-999.0,-999.000,-999.000,-999.000,-999.000,-999.000,-999.000
3701000001,117.610,36.720,-999.0,-999.0,-999.0,-999.0,-999.0,-999.0,-999.0,-999.0,-999.0,-999.0,-999.0,-999.0,-999.0,-999.0,-999.0,-999.0,-999.0,-999.0,-999.000,-999.0,-999.0,-999.0,-999.000,-999.000,-999.0,-999.0,-999.0,-999.0,-999.000,-999.000,-999.0,-999.000,-999.0,-999.0,-999.000,-999.000,-999.0,-999.000,-999.000,-999.000,-999.000,-999.000,-999.000
1200000004,117.850,39.494,-999.0,-999.0,-999.0,-999.0,-999.0,-999.0,-999.0,-999.0,-999.0,-999.0,-999.0,-999.0,-999.0,-999.0,-999.0,-999.0,-999.0,-999.0,-999.000,-999.0,-999.0,-999.0,-999.000,-999.000,-999.0,-999.0,-999.0,-999.0,-999.000,-999.000,-999.0,-999.000,-999.0,-999.0,-999.000,-999.000,-999.0,-999.000,-999.000,-999.000,-999.000,-999.000,-999.000
120000003,117.223,39.173,-999.0,-999.0,-999.0,-999.0,-999.0,-999.0,-999.0,-999.0,-999.0,-999.0,0.03800,-999.0,-999.0,-999.0,-999.0,-999.0,-999.0,-999.0,-999.000,-999.0,-999.0,-999.0,-999.000,-999.000,-999.0,-999.0,-999.0,-999.0,-999.000,-999.000,-999.0,-999.000,-999.0,0.01898,-999.000,-999.000,-999.0,-999.000,-999.000,-999.000,-999.000,-999.000,-999.000
140100001,112.547,37.874,-999.0,-999.0,-999.0,-999.0,-999.0,-999.0,-999.0,-999.0,-999.0,-999.0,-999.0,-999.0,-999.0,-999.0,-999.0,-999.0,-999.0,-999.0,-999.000,-999.0,-999.0,-999.0,-999.000,-999.000,-999.0,-999.0,-999.0,-999.0,-999.000,-999.000,-999.0,-999.000,-999.0,-999.0,-999.000,-999.000,-999.0,-999.000,-999.000,-999.000,-999.000,-999.000,-999.000
