stationcode,longitude,latitude,PM10,PM25,F-,Cl-,NO3-,SO42-,Ca2+,Na+,K+,NH4+,Mg2+,OC,EC,Hg,Br,As,Si,Te,V,Ca,Ti,Sc,Pd,Co,Mo,K,Fe,TI,Al,Cs,Ag,Zn,Sb,Sn,Ni,Ga,Pb,Se,Cr,Cd,Cu,Mn,Ba
110000006,116.041,39.597,-999.0,-999.0,-999.0,-999.0,-999.0,-999.0,-999.0,-999.0,-999.0,-999.0,-999.0,-999.0,-999.0,-999.0,-999.0,-999.0,-999.0,-999.000,-999.000,-999.0,-999.0,-999.0,-999.000,-999.000,-999.000,-999.0,-999.0,-999.0,-999.000,-999.000,-999.000,-999.0,-999.000,-999.000,-999.0,-999.0,-999.000,-999.000,-999.000,-999.000,-999.000,-999.000,-999.000
371500001,115.974,36.493,-999.0,-999.0,-999.0,-999.0,-999.0,-999.0,-999.0,-999.0,-999.0,-999.0,-999.0,7.45896,1.33630,-999.0,-999.0,-999.0,-999.0,-999.000,-999.000,-999.0,-999.0,-999.0,-999.000,-999.000,-999.000,-999.0,-999.0,-999.0,-999.000,-999.000,-999.000,-999.0,-999.000,-999.000,-999.0,-999.0,-999.000,-999.000,-999.000,-999.000,-999.000,-999.000,-999.000
150100001,111.752,40.841,-999.0,-999.0,-999.0,-999.0,-999.0,-999.0,-999.0,-999.0,-999.0,-999.0,-999.0,-999.0,-999.0,-999.0,-999.0,-999.0,-999.0,-999.000,-999.000,-999.0,-999.0,-999.0,-999.000,-999.000,-999.000,-999.0,-999.0,-999.0,-999.000,-999.000,-999.000,-999.0,-999.000,-999.000,-999.0,-999.0,-999.000,-999.000,-999.000,-999.000,-999.000,-999.000,-999.000
1320100001,118.754,32.055,-999.0,-999.0,-999.0,-999.0,-999.0,-999.0,-999.0,-999.0,-999.0,-999.0,-999.0,-999.0,-999.0,-999.0,-999.0,-999.0,-999.0,-999.000,-999.000,-999.0,-999.0,-999.0,-999.000,-999.000,-999.000,-999.0,-999.0,-999.0,-999.000,-999.000,-999.000,-999.0,-999.000,-999.000,-999.0,-999.0,-999.000,-999.000,-999.000,-999.000,-999.000,-999.000,-999.000
410200001,114.331,34.761,-999.0,-999.0,-999.0,-999.0,-999.0,-999.0,-999.0,-999.0,-999.0,-999.0,-999.0,5.19900,-999.0,-999.0,-999.0,-999.0,-999.0,-999.000,-999.000,-999.0,-999.0,-999.0,-999.000,-999.000,-999.000,-999.0,-999.0,-999.0,-999.000,-999.000,-999.000,-999.0,-999.000,-999.000,-999.0,-999.0,-999.000,-999.000,-999.000,-999.000,-999.000,-999.000,-999.000
140100002,112.482,37.719,-999.0,-999.0,-999.0,-999.0,-999.0,-999.0,-999.0,-999.0,-999.0,-999.0,-999.0,-999.0,-999.0,-999.0,0.00744,-999.0,0.60287,-999.000,-999.000,-999.0,-999.0,-999.0,-999.000,-999.000,-999.000,-999.0,-999.0,-999.0,-999.000,-999.000,-999.000,-999.0,-999.000,-999.000,-999.0,-999.0,-999.000,-999.000,-999.000,-999.000,-999.000,-999.000,-999.000
340100001,117.117,31.470,-999.0,-999.0,-999.0,-999.0,-999.0,-999.0,-999.0,-999.0,-999.0,-999.0,-999.0,-999.0,-999.0,-999.0,-999.0,-999.0,-999.0,-999.000,-999.000,-999.0,-999.0,-999.0,-999.000,-999.000,-999.000,-999.0,-999.0,-999.0,-999.000,-999.000,-999.000,-999.0,-999.000,-999.000,-999.0,-999.0,-999.000,-999.000,-999.000,-999.000,-999.000,-999.000,-999.000
410300001,112.419,34.613,-999.0,-999.0,0.06888,1.17008,7.16712,6.65054,0.64612,1.09275,0.36767,2.13250,0.15196,4.42422,0.93652,-999.0,-999.0,-999.0,-999.0,-999.000,-999.000,-999.0,-999.0,-999.0,-999.000,-999.000,-999.000,-999.0,-999.0,-999.0,-999.000,-999.000,-999.000,-999.0,-999.000,-999.000,-999.0,-999.0,-999.000,-999.000,-999.000,-999.000,-999.000,-999.000,-999.000
610100002,108.935,34.347,-999.0,-999.0,0.05537,0.27879,7.04433,2.29508,0.72404,0.29837,0.12921,1.70563,0.06492,3.26362,0.59455,-999.0,-999.0,-999.0,-999.0,-999.000,-999.000,-999.0,-999.0,-999.0,-999.000,-999.000,-999.000,-999.0,-999.0,-999.0,-999.000,-999.000,-999.000,-999.0,-999.000,-999.000,-999.0,-999.0,-999.000,-999.000,-999.000,-999.000,-999.000,-999.000,-999.000
1320300001,117.256,34.215,-999.0,-999.0,-999.0,-999.0,-999.0,-999.0,-999.0,-999.0,-999.0,-999.0,-999.0,-999.0,-999.0,-999.0,-999.0,-999.0,-999.0,-999.000,-999.000,-999.0,-999.0,-999.0,-999.000,-999.000,-999.000,-999.0,-999.0,-999.0,-999.000,-999.000,-999.000,-999.0,-999.000,-999.000,-999.0,-999.0,-999.000,-999.000,-999.000,-999.000,-999.000,-999.000,-999.000
130600003,115.482,38.926,-999.0,-999.0,-999.0,-999.0,-999.0,-999.0,-999.0,-999.0,-999.0,-999.0,-999.0,-999.0,-999.0,-999.0,-999.0,-999.0,-999.0,-999.000,-999.000,-999.0,-999.0,-999.0,-999.000,-999.000,-999.000,-999.0,-999.0,-999.0,-999.000,-999.000,-999.000,-999.0,-999.000,-999.000,-999.0,-999.0,-999.000,-999.000,-999.000,-999.000,-999.000,-999.000,-999.000
130500001,114.482,37.066,-999.0,-999.0,-999.0,-999.0,-999.0,-999.0,-999.0,-999.0,-999.0,-999.0,-999.0,-999.0,-999.0,-999.0,-999.0,-999.0,-999.0,-999.000,-999.000,-999.0,-999.0,-999.0,-999.000,-999.000,-999.000,-999.0,-999.0,-999.0,-999.000,-999.000,-999.000,-999.0,-999.000,-999.000,-999.0,-999.0,-999.000,-999.000,-999.000,-999.000,-999.000,-999.000,-999.000
110000005,116.326,39.521,-999.0,-999.0,-999.0,-999.0,-999.0,-999.0,-999.0,-999.0,-999.0,-999.0,-999.0,-999.0,-999.0,-999.0,-999.0,-999.0,-999.0,-999.000,-999.000,-999.0,-999.0,-999.0,-999.000,-999.000,-999.000,-999.0,-999.0,-999.0,-999.000,-999.000,-999.000,-999.0,-999.000,-999.000,-999.0,-999.0,-999.000,-999.000,-999.000,-999.000,-999.000,-999.000,-999.000
1640100001,106.225,38.489,-999.0,-999.0,-999.0,-999.0,-999.0,-999.0,-999.0,-999.0,-999.0,-999.0,-999.0,-999.0,-999.0,-999.0,-999.0,-999.0,-999.0,-999.000,-999.000,-999.0,-999.0,-999.0,-999.000,-999.000,-999.000,-999.0,-999.0,-999.0,-999.000,-999.000,-999.000,-999.0,-999.000,-999.000,-999.0,-999.0,-999.000,-999.000,-999.000,-999.000,-999.000,-999.000,-999.000
130700002,114.904,40.769,-999.0,-999.0,-999.0,-999.0,-999.0,-999.0,-999.0,-999.0,-999.0,-999.0,-999.0,-999.0,-999.0,-999.0,-999.0,-999.0,-999.0,-999.000,-999.000,-999.0,-999.0,-999.0,-999.000,-999.000,-999.000,-999.0,-999.0,-999.0,-999.000,-999.000,-999.000,-999.0,-999.000,-999.000,-999.0,-999.0,-999.000,-999.000,-999.000,-999.000,-999.000,-999.000,-999.000
141000001,111.526,36.063,-999.0,-999.0,0.35100,0.23400,3.72100,5.93300,0.60100,0.14600,0.03100,3.11900,0.08500,3.53900,0.81600,-999.0,-999.0,-999.0,-999.0,-999.000,-999.000,-999.0,-999.0,-999.0,-999.000,-999.000,-999.000,-999.0,-999.0,-999.0,-999.000,-999.000,-999.000,-999.0,-999.000,-999.000,-999.0,-999.0,-999.000,-999.000,-999.000,-999.000,-999.000,-999.000,-999.000
1411200001,111.278,34.716,-999.0,-999.0,-999.0,-999.0,-999.0,-999.0,-999.0,-999.0,-999.0,-999.0,-999.0,-999.0,-999.0,-999.0,-999.0,-999.0,-999.0,-999.000,-999.000,-999.0,-999.0,-999.0,-999.000,-999.000,-999.000,-999.0,-999.0,-999.0,-999.000,-999.000,-999.000,-999.0,-999.000,-999.000,-999.0,-999.0,-999.000,-999.000,-999.000,-999.000,-999.000,-999.000,-999.000
130300002,119.584,39.955,-999.0,-999.0,-999.0,-999.0,16.93400,4.76500,-999.0,-999.0,-999.0,-999.0,-999.0,-999.0,-999.0,-999.0,-999.0,-999.0,-999.0,-999.000,-999.000,-999.0,-999.0,-999.0,-999.000,-999.000,-999.000,-999.0,-999.0,-999.0,-999.000,-999.000,-999.000,-999.0,-999.000,-999.000,-999.0,-999.0,-999.000,-999.000,-999.000,-999.000,-999.000,-999.000,-999.000
140500001,112.857,35.488,-999.0,-999.0,-999.0,-999.0,-999.0,-999.0,-999.0,-999.0,-999.0,-999.0,-999.0,-999.0,-999.0,-999.0,-999.0,-999.0,-999.0,-999.000,-999.000,-999.0,-999.0,-999.0,-999.000,-999.000,-999.000,-999.0,-999.0,-999.0,-999.000,-999.000,-999.000,-999.0,-999.000,-999.000,-999.0,-999.0,-999.000,-999.000,-999.000,-999.000,-999.000,-999.000,-999.000
140300001,113.589,37.848,-999.0,-999.0,-999.0,-999.0,-999.0,-999.0,-999.0,-999.0,-999.0,-999.0,-999.0,-999.0,-999.0,-999.0,-999.0,-999.0,-999.0,-999.000,-999.000,-999.0,-999.0,-999.0,-999.000,-999.000,-999.000,-999.0,-999.0,-999.0,-999.000,-999.000,-999.000,-999.0,-999.000,-999.000,-999.0,-999.0,-999.000,-999.000,-999.000,-999.000,-999.000,-999.000,-999.000
120000005,117.042,39.384,-999.0,-999.0,-999.0,-999.0,-999.0,-999.0,-999.0,-999.0,-999.0,-999.0,0.15900,-999.0,-999.0,-999.0,-999.0,-999.0,-999.0,-999.000,-999.000,-999.0,-999.0,-999.0,-999.000,-999.000,-999.000,-999.0,-999.0,-999.0,-999.000,-999.000,-999.000,-999.0,-999.000,-999.000,-999.0,-999.0,-999.000,-999.000,-999.000,-999.000,-999.000,-999.000,-999.000
320100001,118.762,32.066,-999.0,-999.0,-999.0,-999.0,-999.0,-999.0,-999.0,-999.0,-999.0,-999.0,-999.0,-999.0,-999.0,-999.0,-999.0,-999.0,-999.0,-999.000,-999.000,-999.0,-999.0,-999.0,-999.000,-999.000,-999.000,-999.0,-999.0,-999.0,-999.000,-999.000,-999.000,-999.0,-999.000,-999.000,-999.0,-999.0,-999.000,-999.000,-999.000,-999.000,-999.000,-999.000,-999.000
370100001,117.171,36.669,-999.0,-999.0,-999.0,-999.0,-999.0,-999.0,-999.0,-999.0,-999.0,-999.0,-999.0,-999.0,-999.0,-999.0,-999.0,-999.0,-999.0,-999.000,-999.000,-999.0,-999.0,-999.0,-999.000,-999.000,-999.000,-999.0,-999.0,-999.0,-999.000,-999.000,-999.000,-999.0,-999.000,-999.000,-999.0,-999.0,-999.000,-999.000,-999.000,-999.000,-999.000,-999.000,-999.000
110000016,116.732,40.203,-999.0,-999.0,-999.0,-999.0,-999.0,-999.0,-999.0,-999.0,-999.0,-999.0,-999.0,-999.0,-999.0,-999.0,-999.0,-999.0,-999.0,-999.000,-999.000,-999.0,-999.0,-999.0,-999.000,-999.000,-999.000,-999.0,-999.0,-999.0,-999.000,-999.000,-999.000,-999.0,-999.000,-999.000,-999.0,-999.0,-999.000,-999.000,-999.000,-999.000,-999.000,-999.000,-999.000
120000004,117.283,39.683,-999.0,-999.0,-999.0,-999.0,-999.0,-999.0,-999.0,-999.0,-999.0,-999.0,0.22200,-999.0,-999.0,-999.0,-999.0,-999.0,-999.0,-999.000,-999.000,-999.0,-999.0,-999.0,-999.000,-999.000,-999.000,-999.0,-999.0,-999.0,-999.000,-999.000,-999.000,-999.0,-999.000,-999.000,-999.0,-999.0,-999.000,-999.000,-999.000,-999.000,-999.000,-999.000,-999.000
370300001,117.983,36.835,-999.0,-999.0,-999.0,-999.0,-999.0,-999.0,-999.0,-999.0,-999.0,-999.0,-999.0,5.99375,1.12746,-999.0,-999.0,-999.0,-999.0,-999.000,-999.000,-999.0,-999.0,-999.0,-999.000,-999.000,-999.000,-999.0,-999.0,-999.0,-999.000,-999.000,-999.000,-999.0,-999.000,-999.000,-999.0,-999.0,-999.000,-999.000,-999.000,-999.000,-999.000,-999.000,-999.000
130600004,115.946,38.945,-999.0,-999.0,-999.0,-999.0,-999.0,-999.0,-999.0,-999.0,-999.0,-999.0,-999.0,-999.0,-999.0,-999.0,0.01689,-999.0,-999.0,-999.000,-999.000,-999.0,-999.0,-999.0,-999.000,-999.000,-999.000,-999.0,0.25944,-999.0,-999.000,-999.000,-999.000,0.09201,-999.000,-999.000,0.01756,0.00559,-999.000,-999.000,-999.000,-999.000,-999.000,-999.000,-999.000
140400001,113.110,36.199,-999.0,-999.0,-999.0,-999.0,-999.0,-999.0,-999.0,-999.0,-999.0,-999.0,-999.0,-999.0,-999.0,-999.0,-999.0,-999.0,-999.0,-999.000,-999.000,-999.0,-999.0,-999.0,-999.000,-999.000,-999.000,-999.0,-999.0,-999.0,-999.000,-999.000,-999.000,-999.0,-999.000,-999.000,-999.0,-999.0,-999.000,-999.000,-999.000,-999.000,-999.000,-999.000,-999.000
430100001,113.090,28.204,-999.0,-999.0,-999.0,-999.0,-999.0,-999.0,-999.0,-999.0,-999.0,-999.0,-999.0,-999.0,-999.0,-999.0,-999.0,-999.0,-999.0,-999.000,-999.000,-999.0,-999.0,-999.0,-999.000,-999.000,-999.000,-999.0,-999.0,-999.0,-999.000,-999.000,-999.000,-999.0,-999.000,-999.000,-999.0,-999.0,-999.000,-999.000,-999.000,-999.000,-999.000,-999.000,-999.000
131000005,116.702,39.545,-999.0,-999.0,0.59000,0.30000,6.21100,4.12600,-999.0,0.35300,-999.0,2.15400,0.02900,1.83900,-999.0,-999.0,-999.0,-999.0,-999.0,-999.000,-999.000,-999.0,-999.0,-999.0,-999.000,-999.000,-999.000,-999.0,-999.0,-999.0,-999.000,-999.000,-999.000,-999.0,-999.000,-999.000,-999.0,-999.0,-999.000,-999.000,-999.000,-999.000,-999.000,-999.000,-999.000
110000004,116.424,40.049,-999.0,-999.0,-999.0,-999.0,-999.0,-999.0,-999.0,-999.0,-999.0,-999.0,-999.0,-999.0,-999.0,-999.0,-999.0,-999.0,-999.0,-999.000,-999.000,-999.0,-999.0,-999.0,-999.000,-999.000,-999.000,-999.0,-999.0,-999.0,-999.000,-999.000,-999.000,-999.0,-999.000,-999.000,-999.0,-999.0,-999.000,-999.000,-999.000,-999.000,-999.000,-999.000,-999.000
130900003,116.839,38.304,-999.0,-999.0,-999.0,-999.0,-999.0,-999.0,-999.0,-999.0,-999.0,-999.0,-999.0,4.60700,1.44300,-999.0,-999.0,-999.0,-999.0,-999.000,-999.000,-999.0,-999.0,-999.0,-999.000,-999.000,-999.000,-999.0,-999.0,-999.0,-999.000,-999.000,-999.000,-999.0,-999.000,-999.000,-999.0,-999.0,-999.000,-999.000,-999.000,-999.000,-999.000,-999.000,-999.000
371400003,115.823,36.952,-999.0,-999.0,-999.0,-999.0,-999.0,-999.0,-999.0,-999.0,-999.0,-999.0,-999.0,4.33258,0.86175,-999.0,-999.0,-999.0,-999.0,-999.000,-999.000,-999.0,-999.0,-999.0,-999.000,-999.000,-999.000,-999.0,-999.0,-999.0,-999.000,-999.000,-999.000,-999.0,-999.000,-999.000,-999.0,-999.0,-999.000,-999.000,-999.000,-999.000,-999.000,-999.000,-999.000
130300001,119.622,39.912,-999.0,-999.0,-999.0,-999.0,-999.0,-999.0,-999.0,-999.0,-999.0,-999.0,-999.0,-999.0,-999.0,-999.0,-999.0,-999.0,-999.0,-999.000,-999.000,-999.0,-999.0,-999.0,-999.000,-999.000,-999.000,-999.0,-999.0,-999.0,-999.000,-999.000,-999.000,-999.0,-999.000,-999.000,-999.0,-999.0,-999.000,-999.000,-999.000,-999.000,-999.000,-999.000,-999.000
131000003,116.709,39.551,-999.0,-999.0,-999.0,-999.0,-999.0,-999.0,-999.0,-999.0,-999.0,-999.0,-999.0,-999.0,-999.0,-999.0,-999.0,-999.0,-999.0,-999.000,-999.000,-999.0,-999.0,-999.0,-999.000,-999.000,-999.000,-999.0,-999.0,-999.0,-999.000,-999.000,-999.000,-999.0,-999.000,-999.000,-999.0,-999.0,-999.000,-999.000,-999.000,-999.000,-999.000,-999.000,-999.000
1320200001,120.317,31.513,-999.0,-999.0,-999.0,-999.0,-999.0,-999.0,-999.0,-999.0,-999.0,-999.0,-999.0,-999.0,-999.0,-999.0,-999.0,-999.0,-999.0,-999.000,-999.000,-999.0,-999.0,-999.0,-999.000,-999.000,-999.000,-999.0,-999.0,-999.0,-999.000,-999.000,-999.000,-999.0,-999.000,-999.000,-999.0,-999.0,-999.000,-999.000,-999.000,-999.000,-999.000,-999.000,-999.000
110000010,116.266,39.499,-999.0,-999.0,-999.0,-999.0,-999.0,-999.0,-999.0,-999.0,-999.0,-999.0,-999.0,-999.0,-999.0,-999.0,-999.0,-999.0,-999.0,-999.000,-999.000,-999.0,-999.0,-999.0,-999.000,-999.000,-999.000,-999.0,-999.0,-999.0,-999.000,-999.000,-999.000,-999.0,-999.000,-999.000,-999.0,-999.0,-999.000,-999.000,-999.000,-999.000,-999.000,-999.000,-999.000
130200001,118.130,39.634,-999.0,-999.0,-999.0,-999.0,-999.0,-999.0,-999.0,-999.0,-999.0,-999.0,-999.0,-999.0,-999.0,-999.0,-999.0,-999.0,-999.0,-999.000,-999.000,-999.0,-999.0,-999.0,-999.000,-999.000,-999.000,-999.0,-999.0,-999.0,-999.000,-999.000,-999.000,-999.0,-999.000,-999.000,-999.0,-999.0,-999.000,-999.000,-999.000,-999.000,-999.000,-999.000,-999.000
110000002,116.342,39.727,-999.0,-999.0,-999.0,-999.0,-999.0,-999.0,-999.0,-999.0,-999.0,-999.0,-999.0,-999.0,-999.0,-999.0,-999.0,-999.0,-999.0,-999.000,-999.000,-999.0,-999.0,-999.0,-999.000,-999.000,-999.000,-999.0,-999.0,-999.0,-999.000,-999.000,-999.000,-999.0,-999.000,-999.000,-999.0,-999.0,-999.000,-999.000,-999.000,-999.000,-999.000,-999.000,-999.000
131100003,115.678,37.732,-999.0,-999.0,-999.0,-999.0,-999.0,-999.0,-999.0,-999.0,-999.0,-999.0,-999.0,-999.0,0.89600,-999.0,-999.0,-999.0,-999.0,-999.000,-999.000,-999.0,-999.0,-999.0,-999.000,-999.000,-999.000,-999.0,-999.0,-999.0,-999.000,-999.000,-999.000,-999.0,-999.000,-999.000,-999.0,-999.0,-999.000,-999.000,-999.000,-999.000,-999.000,-999.000,-999.000
110000008,116.684,39.542,-999.0,-999.0,-999.0,-999.0,-999.0,-999.0,-999.0,-999.0,-999.0,-999.0,-999.0,-999.0,-999.0,-999.0,-999.0,-999.0,-999.0,-999.000,-999.000,-999.0,-999.0,-999.0,-999.000,-999.000,-999.000,-999.0,-999.0,-999.0,-999.000,-999.000,-999.000,-999.0,-999.000,-999.000,-999.0,-999.0,-999.000,-999.000,-999.000,-999.000,-999.000,-999.000,-999.000
410500002,114.398,36.089,-999.0,-999.0,-999.0,-999.0,-999.0,-999.0,-999.0,-999.0,-999.0,-999.0,-999.0,-999.0,-999.0,-999.0,-999.0,-999.0,-999.0,-999.000,-999.000,-999.0,-999.0,-999.0,-999.000,-999.000,-999.000,-999.0,-999.0,-999.0,-999.000,-999.000,-999.000,-999.0,-999.000,-999.000,-999.0,-999.0,-999.000,-999.000,-999.000,-999.000,-999.000,-999.000,-999.000
130400002,114.497,36.571,-999.0,-999.0,-999.0,-999.0,-999.0,-999.0,-999.0,-999.0,-999.0,-999.0,-999.0,-999.0,-999.0,-999.0,-999.0,-999.0,-999.0,-999.000,-999.000,-999.0,-999.0,-999.0,-999.000,-999.000,-999.000,-999.0,-999.0,-999.0,-999.000,-999.000,-999.000,-999.0,-999.000,-999.000,-999.0,-999.0,-999.000,-999.000,-999.000,-999.000,-999.000,-999.000,-999.000
370800001,116.623,35.429,-999.0,-999.0,-999.0,-999.0,-999.0,-999.0,-999.0,-999.0,-999.0,-999.0,-999.0,5.81954,1.11054,-999.0,-999.0,-999.0,-999.0,-999.000,-999.000,-999.0,-999.0,-999.0,-999.000,-999.000,-999.000,-999.0,-999.0,-999.0,-999.000,-999.000,-999.000,-999.0,-999.000,-999.000,-999.0,-999.0,-999.000,-999.000,-999.000,-999.000,-999.000,-999.000,-999.000
110000009,116.771,39.628,-999.0,-999.0,-999.0,-999.0,-999.0,-999.0,-999.0,-999.0,-999.0,-999.0,-999.0,-999.0,-999.0,-999.0,-999.0,-999.0,-999.0,-999.000,-999.000,-999.0,-999.0,-999.0,-999.000,-999.000,-999.000,-999.0,-999.0,-999.0,-999.000,-999.000,-999.000,-999.0,-999.000,-999.000,-999.0,-999.0,-999.000,-999.000,-999.000,-999.000,-999.000,-999.000,-999.000
110000011,115.831,39.542,-999.0,-999.0,-999.0,-999.0,-999.0,-999.0,-999.0,-999.0,-999.0,-999.0,-999.0,-999.0,-999.0,-999.0,-999.0,-999.0,-999.0,-999.000,-999.000,-999.0,-999.0,-999.0,-999.000,-999.000,-999.000,-999.0,-999.0,-999.0,-999.000,-999.000,-999.000,-999.0,-999.000,-999.000,-999.0,-999.0,-999.000,-999.000,-999.000,-999.000,-999.000,-999.000,-999.000
120000001,117.159,39.099,-999.0,-999.0,-999.0,-999.0,-999.0,-999.0,-999.0,-999.0,-999.0,-999.0,-999.0,-999.0,-999.0,-999.0,-999.0,-999.0,-999.0,-999.000,-999.000,-999.0,-999.0,-999.0,-999.000,-999.000,-999.000,-999.0,-999.0,-999.0,-999.000,-999.000,-999.000,-999.0,-999.000,-999.000,-999.0,-999.0,-999.000,-999.000,-999.000,-999.000,-999.000,-999.000,-999.000
131000004,117.006,39.761,-999.0,-999.0,-999.0,-999.0,-999.0,-999.0,-999.0,-999.0,-999.0,-999.0,-999.0,-999.0,-999.0,-999.0,-999.0,-999.0,-999.0,-999.000,-999.000,-999.0,-999.0,-999.0,-999.000,-999.000,-999.000,-999.0,-999.0,-999.0,-999.000,-999.000,-999.000,-999.0,-999.000,-999.000,-999.0,-999.0,-999.000,-999.000,-999.000,-999.000,-999.000,-999.000,-999.000
410900001,115.032,35.763,-999.0,-999.0,-999.0,-999.0,-999.0,-999.0,-999.0,-999.0,-999.0,-999.0,-999.0,-999.0,-999.0,-999.0,-999.0,-999.0,-999.0,-999.000,-999.000,-999.0,-999.0,-999.0,-999.000,-999.000,-999.000,-999.0,-999.0,-999.0,-999.000,-999.000,-999.000,-999.0,-999.000,-999.000,-999.0,-999.0,-999.000,-999.000,-999.000,-999.000,-999.000,-999.000,-999.000
410700002,113.924,35.303,-999.0,-999.0,-999.0,-999.0,-999.0,-999.0,-999.0,-999.0,-999.0,-999.0,-999.0,-999.0,-999.0,-999.0,-999.0,-999.0,-999.0,-999.000,-999.000,-999.0,-999.0,-999.0,-999.000,-999.000,-999.000,-999.0,-999.0,-999.0,-999.000,-999.000,-999.000,-999.0,-999.000,-999.000,-999.0,-999.0,-999.000,-999.000,-999.000,-999.000,-999.000,-999.000,-999.000
130100005,114.480,38.094,-999.0,-999.0,-999.0,-999.0,-999.0,-999.0,-999.0,-999.0,-999.0,-999.0,-999.0,-999.0,-999.0,-999.0,-999.0,-999.0,-999.0,-999.000,-999.000,-999.0,-999.0,-999.0,-999.000,-999.000,-999.000,-999.0,-999.0,-999.0,-999.000,-999.000,-999.000,-999.0,-999.000,-999.000,-999.0,-999.0,-999.000,-999.000,-999.000,-999.000,-999.000,-999.000,-999.000
120000006,117.412,40.055,-999.0,-999.0,0.18500,-999.0,11.45700,-999.0,-999.0,-999.0,-999.0,-999.0,-999.0,-999.0,-999.0,-999.0,-999.0,-999.0,-999.0,-999.000,-999.000,-999.0,-999.0,-999.0,-999.000,-999.000,-999.000,-999.0,-999.0,-999.0,-999.000,-999.000,-999.000,-999.0,-999.000,-999.000,-999.0,-999.0,-999.000,-999.000,-999.000,-999.000,-999.000,-999.000,-999.000
410100002,113.606,34.748,-999.0,-999.0,-999.0,-999.0,-999.0,-999.0,-999.0,-999.0,-999.0,-999.0,-999.0,-999.0,-999.0,-999.0,-999.0,-999.0,-999.0,-999.000,-999.000,-999.0,-999.0,-999.0,-999.000,-999.000,-999.000,-999.0,-999.0,-999.0,-999.000,-999.000,-999.000,-999.0,-999.000,-999.000,-999.0,-999.0,-999.000,-999.000,-999.000,-999.000,-999.000,-999.000,-999.000
130700003,114.895,40.834,-999.0,-999.0,-999.0,-999.0,15.26400,-999.0,-999.0,0.80800,0.06600,-999.0,-999.0,-999.0,-999.0,-999.0,-999.0,-999.0,-999.0,-999.000,-999.000,-999.0,-999.0,-999.0,-999.000,-999.000,-999.000,-999.0,-999.0,-999.0,-999.000,-999.000,-999.000,-999.0,-999.000,-999.000,-999.0,-999.0,-999.000,-999.000,-999.000,-999.000,-999.000,-999.000,-999.000
130500002,114.532,37.086,-999.0,-999.0,-999.0,-999.0,-999.0,-999.0,-999.0,-999.0,-999.0,-999.0,-999.0,-999.0,-999.0,-999.0,-999.0,-999.0,-999.0,-999.000,-999.000,-999.0,-999.0,-999.0,-999.000,-999.000,-999.000,-999.0,-999.0,-999.0,-999.000,-999.000,-999.000,-999.0,-999.000,-999.000,-999.0,-999.0,-999.000,-999.000,-999.000,-999.000,-999.000,-999.000,-999.000
410800001,113.279,35.206,-999.0,-999.0,-999.0,-999.0,-999.0,-999.0,-999.0,-999.0,-999.0,-999.0,-999.0,-999.0,-999.0,-999.0,-999.0,-999.0,-999.0,-999.000,-999.000,-999.0,-999.0,-999.0,-999.000,-999.000,-999.000,-999.0,-999.0,-999.0,-999.000,-999.000,-999.000,-999.0,-999.000,-999.000,-999.0,-999.0,-999.000,-999.000,-999.000,-999.000,-999.000,-999.000,-999.000
130200002,118.193,39.623,-999.0,-999.0,-999.0,-999.0,-999.0,-999.0,-999.0,-999.0,-999.0,14.73500,-999.0,-999.0,-999.0,-999.0,-999.0,-999.0,-999.0,-999.000,-999.000,-999.0,-999.0,-999.0,-999.000,-999.000,-999.000,-999.0,-999.0,-999.0,-999.000,-999.000,-999.000,-999.0,-999.000,-999.000,-999.0,-999.0,-999.000,-999.000,-999.000,-999.000,-999.000,-999.000,-999.000
410500001,114.399,36.089,-999.0,-999.0,-999.0,-999.0,-999.0,-999.0,-999.0,-999.0,-999.0,-999.0,-999.0,-999.0,-999.0,-999.0,-999.0,-999.0,-999.0,-999.000,-999.000,-999.0,-999.0,-999.0,-999.000,-999.000,-999.000,-999.0,-999.0,-999.0,-999.000,-999.000,-999.000,-999.0,-999.000,-999.000,-999.0,-999.0,-999.000,-999.000,-999.000,-999.000,-999.000,-999.000,-999.000
140800001,110.968,35.031,-999.0,-999.0,0.52546,0.46592,7.24129,5.58033,0.78450,0.58596,0.09054,3.20692,0.11542,5.41322,0.95422,-999.0,-999.0,-999.0,-999.0,-999.000,-999.000,-999.0,-999.0,-999.0,-999.000,-999.000,-999.000,-999.0,-999.0,-999.0,-999.000,-999.000,-999.000,-999.0,-999.000,-999.000,-999.0,-999.0,-999.000,-999.000,-999.000,-999.000,-999.000,-999.000,-999.000
371700001,115.522,35.213,-999.0,-999.0,-999.0,-999.0,-999.0,-999.0,-999.0,-999.0,-999.0,-999.0,-999.0,4.27025,1.13358,-999.0,-999.0,-999.0,-999.0,-999.000,-999.000,-999.0,-999.0,-999.0,-999.000,-999.000,-999.000,-999.0,-999.0,-999.0,-999.000,-999.000,-999.000,-999.0,-999.000,-999.000,-999.0,-999.0,-999.000,-999.000,-999.000,-999.000,-999.000,-999.000,-999.000
410100003,113.733,34.772,-999.0,-999.0,-999.0,-999.0,-999.0,-999.0,-999.0,-999.0,-999.0,-999.0,-999.0,-999.0,-999.0,-999.0,-999.0,-999.0,-999.0,-999.000,-999.000,0.52179,0.04113,-999.0,-999.000,-999.000,-999.000,0.16152,-999.0,0.00254,-999.000,-999.000,-999.000,-999.0,-999.000,-999.000,-999.0,0.00019,-999.000,-999.000,-999.000,-999.000,-999.000,-999.000,-999.000
371400002,116.362,37.444,-999.0,-999.0,-999.0,-999.0,-999.0,-999.0,-999.0,-999.0,-999.0,-999.0,-999.0,-999.0,-999.0,-999.0,-999.0,-999.0,-999.0,-999.000,-999.000,-999.0,-999.0,-999.0,-999.000,-999.000,-999.000,-999.0,-999.0,-999.0,-999.000,-999.000,-999.000,-999.0,-999.000,-999.000,-999.0,-999.0,-999.000,-999.000,-999.000,-999.000,-999.000,-999.000,-999.000
1320500001,120.630,31.286,-999.0,-999.0,-999.0,-999.0,-999.0,-999.0,-999.0,-999.0,-999.0,-999.0,-999.0,-999.0,-999.0,-999.0,-999.0,-999.0,-999.0,-999.000,-999.000,-999.0,-999.0,-999.0,-999.000,-999.000,-999.000,-999.0,-999.0,-999.0,-999.000,-999.000,-999.000,-999.0,-999.000,-999.000,-999.0,-999.0,-999.000,-999.000,-999.000,-999.000,-999.000,-999.000,-999.000
110000003,116.322,39.105,-999.0,-999.0,-999.0,-999.0,-999.0,-999.0,-999.0,-999.0,-999.0,-999.0,-999.0,-999.0,-999.0,-999.0,-999.0,-999.0,-999.0,-999.000,-999.000,-999.0,-999.0,-999.0,-999.000,-999.000,-999.000,-999.0,-999.0,-999.0,-999.000,-999.000,-999.000,-999.0,-999.000,-999.000,-999.0,-999.0,-999.000,-999.000,-999.000,-999.000,-999.000,-999.000,-999.000
350100002,119.290,26.110,-999.0,-999.0,-999.0,-999.0,-999.0,-999.0,-999.0,-999.0,-999.0,-999.0,-999.0,-999.0,-999.0,-999.0,-999.0,-999.0,-999.0,-999.000,-999.000,-999.0,-999.0,-999.0,-999.000,-999.000,-999.000,-999.0,-999.0,-999.0,-999.000,-999.000,-999.000,-999.0,-999.000,-999.000,-999.0,-999.0,-999.000,-999.000,-999.000,-999.000,-999.000,-999.000,-999.000
131100002,115.684,37.733,-999.0,-999.0,-999.0,-999.0,-999.0,-999.0,-999.0,-999.0,-999.0,-999.0,-999.0,-999.0,-999.0,-999.0,-999.0,-999.0,-999.0,-999.000,-999.000,-999.0,-999.0,-999.0,-999.000,-999.000,-999.000,-999.0,-999.0,-999.0,-999.000,-999.000,-999.000,-999.0,-999.000,-999.000,-999.0,-999.0,-999.000,-999.000,-999.000,-999.000,-999.000,-999.000,-999.000
130600002,115.481,38.836,-999.0,-999.0,-999.0,-999.0,-999.0,-999.0,-999.0,-999.0,-999.0,-999.0,-999.0,-999.0,-999.0,-999.0,-999.0,-999.0,-999.0,-999.000,-999.000,-999.0,-999.0,-999.0,-999.000,-999.000,-999.000,-999.0,-999.0,-999.0,-999.000,-999.000,-999.000,-999.0,-999.000,-999.000,-999.0,-999.0,-999.000,-999.000,-999.000,-999.000,-999.000,-999.000,-999.000
1320600001,120.948,31.991,-999.0,-999.0,-999.0,0.37900,8.55400,6.21900,-999.0,0.11800,0.02000,4.92500,0.00800,-999.0,-999.0,-999.0,-999.0,-999.0,-999.0,-999.000,-999.000,-999.0,-999.0,-999.0,-999.000,-999.000,-999.000,-999.0,-999.0,-999.0,-999.000,-999.000,-999.000,-999.0,-999.000,-999.000,-999.0,-999.0,-999.000,-999.000,-999.000,-999.000,-999.000,-999.000,-999.000
410600001,114.291,35.722,-999.0,-999.0,-999.0,-999.0,-999.0,-999.0,-999.0,-999.0,-999.0,-999.0,-999.0,-999.0,-999.0,-999.0,-999.0,-999.0,-999.0,-999.000,-999.000,-999.0,-999.0,-999.0,-999.000,-999.000,-999.000,-999.0,-999.0,-999.0,-999.000,-999.000,-999.000,-999.0,-999.000,-999.000,-999.0,-999.0,-999.000,-999.000,-999.000,-999.000,-999.000,-999.000,-999.000
370100002,117.062,36.658,-999.0,-999.0,-999.0,-999.0,-999.0,-999.0,-999.0,-999.0,-999.0,-999.0,-999.0,7.23796,1.68743,-999.0,0.00900,0.00931,0.88081,-999.000,-999.000,0.46863,-999.0,0.00013,-999.000,-999.000,-999.000,-999.0,-999.0,-999.0,-999.000,-999.000,-999.000,-999.0,-999.000,-999.000,-999.0,-999.0,-999.000,-999.000,-999.000,-999.000,-999.000,-999.000,-999.000
130100004,114.536,38.025,-999.0,-999.0,-999.0,-999.0,-999.0,-999.0,-999.0,-999.0,-999.0,-999.0,-999.0,-999.0,-999.0,-999.0,-999.0,-999.0,-999.0,-999.000,-999.000,-999.0,-999.0,-999.0,-999.000,-999.000,-999.000,-999.0,-999.0,-999.0,-999.000,-999.000,-999.000,-999.0,-999.000,-999.000,-999.0,-999.0,-999.000,-999.000,-999.000,-999.000,-999.000,-999.000,-999.000
1340100001,117.196,31.785,-999.0,-999.0,-999.0,-999.0,-999.0,-999.0,-999.0,-999.0,-999.0,-999.0,-999.0,-999.0,-999.0,-999.0,-999.0,-999.0,-999.0,-999.000,-999.000,-999.0,-999.0,-999.0,-999.000,-999.000,-999.000,-999.0,-999.0,-999.0,-999.000,-999.000,-999.000,-999.0,-999.000,-999.000,-999.0,-999.0,-999.000,-999.000,-999.000,-999.000,-999.000,-999.000,-999.000
371600001,118.006,37.380,-999.0,-999.0,-999.0,-999.0,-999.0,-999.0,-999.0,-999.0,-999.0,-999.0,-999.0,6.22683,1.74758,-999.0,-999.0,-999.0,-999.0,-999.000,-999.000,-999.0,-999.0,-999.0,-999.000,-999.000,-999.000,-999.0,-999.0,-999.0,-999.000,-999.000,-999.000,-999.0,-999.000,-999.000,-999.0,-999.0,-999.000,-999.000,-999.000,-999.000,-999.000,-999.000,-999.000
110000001,116.415,40.041,-999.0,-999.0,-999.0,-999.0,-999.0,-999.0,-999.0,-999.0,-999.0,-999.0,-999.0,-999.0,-999.0,-999.0,-999.0,-999.0,-999.0,-999.000,-999.000,-999.0,-999.0,-999.0,-999.000,-999.000,-999.000,-999.0,-999.0,-999.0,-999.000,-999.000,-999.000,-999.0,-999.000,-999.000,-999.0,-999.0,-999.000,-999.000,-999.000,-999.000,-999.000,-999.000,-999.000
110000012,116.426,40.048,21.15000,23.90000,-999.0,0.40000,3.50000,3.11000,0.08000,0.10000,0.10000,1.94000,-999.0,0.41000,0.14000,0.00083,-999.0,-999.0,0.47562,-999.000,-999.000,-999.0,-999.0,-999.0,-999.000,-999.000,-999.000,-999.0,-999.0,-999.0,-999.000,-999.000,-999.000,-999.0,-999.000,-999.000,-999.0,-999.0,-999.000,-999.000,-999.000,-999.000,-999.000,-999.000,-999.000
1306000001,116.034,39.492,-999.0,-999.0,-999.0,-999.0,-999.0,-999.0,-999.0,-999.0,-999.0,-999.0,-999.0,-999.0,-999.0,-999.0,-999.0,-999.0,-999.0,-999.000,-999.000,-999.0,-999.0,-999.0,-999.000,-999.000,-999.000,-999.0,-999.0,-999.0,-999.000,-999.000,-999.000,-999.0,-999.000,-999.000,-999.0,-999.0,-999.000,-999.000,-999.000,-999.000,-999.000,-999.000,-999.000
1307000001,114.898,40.837,-999.0,-999.0,-999.0,-999.0,-999.0,-999.0,-999.0,-999.0,-999.0,-999.0,-999.0,-999.0,-999.0,-999.0,-999.0,-999.0,-999.0,-999.000,-999.000,-999.0,-999.0,-999.0,-999.000,-999.000,-999.000,-999.0,-999.0,-999.0,-999.000,-999.000,-999.000,-999.0,-999.000,-999.000,-999.0,-999.0,-999.000,-999.000,-999.000,-999.000,-999.000,-999.000,-999.000
1311000001,115.694,37.808,-999.0,-999.0,-999.0,-999.0,-999.0,-999.0,-999.0,-999.0,-999.0,-999.0,-999.0,-999.0,-999.0,-999.0,-999.0,-999.0,-999.0,-999.000,-999.000,-999.0,-999.0,-999.0,-999.000,-999.000,-999.000,-999.0,-999.0,-999.0,-999.000,-999.000,-999.000,-999.0,-999.000,-999.000,-999.0,-999.0,-999.000,-999.000,-999.000,-999.000,-999.000,-999.000,-999.000
3701000001,117.610,36.720,-999.0,-999.0,-999.0,-999.0,-999.0,-999.0,-999.0,-999.0,-999.0,-999.0,-999.0,-999.0,-999.0,-999.0,-999.0,-999.0,-999.0,-999.000,-999.000,-999.0,-999.0,-999.0,-999.000,-999.000,-999.000,-999.0,-999.0,-999.0,-999.000,-999.000,-999.000,-999.0,-999.000,-999.000,-999.0,-999.0,-999.000,-999.000,-999.000,-999.000,-999.000,-999.000,-999.000
1200000004,117.850,39.494,-999.0,-999.0,-999.0,-999.0,-999.0,-999.0,-999.0,-999.0,-999.0,-999.0,-999.0,-999.0,-999.0,-999.0,-999.0,-999.0,-999.0,-999.000,-999.000,-999.0,-999.0,-999.0,-999.000,-999.000,-999.000,-999.0,-999.0,-999.0,-999.000,-999.000,-999.000,-999.0,-999.000,-999.000,-999.0,-999.0,-999.000,-999.000,-999.000,-999.000,-999.000,-999.000,-999.000
120000003,117.223,39.173,-999.0,-999.0,-999.0,-999.0,-999.0,-999.0,-999.0,-999.0,-999.0,-999.0,-999.0,10.84600,2.64900,-999.0,-999.0,-999.0,-999.0,-999.000,-999.000,-999.0,0.03309,-999.0,-999.000,-999.000,-999.000,-999.0,-999.0,-999.0,-999.000,-999.000,-999.000,-999.0,-999.000,-999.000,-999.0,-999.0,-999.000,-999.000,-999.000,-999.000,-999.000,-999.000,-999.000
140100001,112.547,37.874,-999.0,-999.0,-999.0,-999.0,-999.0,-999.0,-999.0,-999.0,-999.0,-999.0,-999.0,-999.0,-999.0,-999.0,-999.0,-999.0,-999.0,-999.000,-999.000,-999.0,-999.0,-999.0,-999.000,-999.000,-999.000,-999.0,-999.0,-999.0,-999.000,-999.000,-999.000,-999.0,-999.000,-999.000,-999.0,-999.0,-999.000,-999.000,-999.000,-999.000,-999.000,-999.000,-999.000
