stationcode,longitude,latitude,PM10,PM25,F-,Cl-,NO3-,SO42-,Ca2+,Na+,K+,NH4+,Mg2+,OC,EC,Hg,Si,Te,V,Ca,Ba,Sc,Pd,Co,K,Pb,Cu,Al,Zn,Sn,Mn,Cd,Se,Cr,Ni,Fe,Ti,Sb,As,Mo,Ag,TI,Br,Ga,Cs
110000006,116.041,39.597,-999.0,-999.0,-999.0,-999.0,-999.0,-999.0,-999.0,-999.0,-999.0,-999.0,-999.0,-999.0,-999.0,-999.0,-999.0,-999.000,-999.000,-999.0,-999.0,-999.000,-999.000,-999.000,-999.0,-999.000,-999.0,-999.000,-999.0,-999.0,-999.0,-999.000,-999.000,-999.000,-999.000,-999.000,-999.000,-999.000,-999.000,-999.000,-999.000,-999.000,-999.000,-999.000,-999.000
371500001,115.974,36.493,-999.0,-999.0,-999.0,-999.0,-999.0,-999.0,-999.0,-999.0,-999.0,-999.0,-999.0,23.85140,9.09227,-999.0,-999.0,-999.000,-999.000,-999.0,-999.0,-999.000,-999.000,-999.000,-999.0,-999.000,-999.0,-999.000,-999.0,-999.0,-999.0,-999.000,-999.000,-999.000,-999.000,-999.000,-999.000,-999.000,-999.000,-999.000,-999.000,-999.000,-999.000,-999.000,-999.000
150100001,111.752,40.841,-999.0,-999.0,-999.0,-999.0,-999.0,-999.0,-999.0,-999.0,-999.0,-999.0,-999.0,-999.0,-999.0,-999.0,-999.0,-999.000,-999.000,-999.0,-999.0,-999.000,-999.000,-999.000,-999.0,-999.000,-999.0,-999.000,-999.0,-999.0,-999.0,-999.000,-999.000,-999.000,-999.000,-999.000,-999.000,-999.000,-999.000,-999.000,-999.000,-999.000,-999.000,-999.000,-999.000
1320100001,118.754,32.055,-999.0,-999.0,-999.0,-999.0,-999.0,-999.0,-999.0,-999.0,-999.0,-999.0,-999.0,-999.0,-999.0,-999.0,-999.0,-999.000,-999.000,-999.0,-999.0,-999.000,-999.000,-999.000,-999.0,-999.000,-999.0,-999.000,-999.0,-999.0,-999.0,-999.000,-999.000,-999.000,-999.000,-999.000,-999.000,-999.000,-999.000,-999.000,-999.000,-999.000,-999.000,-999.000,-999.000
410200001,114.331,34.761,-999.0,-999.0,-999.0,-999.0,-999.0,-999.0,-999.0,-999.0,-999.0,-999.0,-999.0,17.77500,-999.0,-999.0,-999.0,-999.000,-999.000,-999.0,-999.0,-999.000,-999.000,-999.000,-999.0,-999.000,-999.0,-999.000,-999.0,-999.0,-999.0,-999.000,-999.000,-999.000,-999.000,-999.000,-999.000,-999.000,-999.000,-999.000,-999.000,-999.000,-999.000,-999.000,-999.000
140100002,112.482,37.719,-999.0,-999.0,-999.0,-999.0,-999.0,-999.0,-999.0,-999.0,-999.0,-999.0,-999.0,-999.0,-999.0,-999.0,0.65204,-999.000,-999.000,0.53472,0.07931,-999.000,-999.000,-999.000,-999.0,-999.000,0.18149,-999.000,0.19560,-999.0,-999.0,-999.000,-999.000,-999.000,-999.000,-999.000,-999.000,-999.000,-999.000,-999.000,-999.000,-999.000,-999.000,-999.000,-999.000
340100001,117.117,31.470,-999.0,-999.0,-999.0,-999.0,-999.0,-999.0,-999.0,-999.0,-999.0,-999.0,-999.0,-999.0,-999.0,-999.0,-999.0,-999.000,-999.000,-999.0,-999.0,-999.000,-999.000,-999.000,-999.0,-999.000,-999.0,-999.000,-999.0,-999.0,-999.0,-999.000,-999.000,-999.000,-999.000,-999.000,-999.000,-999.000,-999.000,-999.000,-999.000,-999.000,-999.000,-999.000,-999.000
410300001,112.419,34.613,-999.0,-999.0,0.04600,5.25100,72.75700,20.62200,1.57100,1.62500,2.00300,33.66100,0.28400,20.01300,5.91900,-999.0,-999.0,-999.000,-999.000,-999.0,-999.0,-999.000,-999.000,-999.000,-999.0,-999.000,-999.0,-999.000,-999.0,-999.0,-999.0,-999.000,-999.000,-999.000,-999.000,-999.000,-999.000,-999.000,-999.000,-999.000,-999.000,-999.000,-999.000,-999.000,-999.000
610100002,108.935,34.347,-999.0,-999.0,0.86300,3.38400,58.49700,19.31600,0.44000,0.51000,0.37600,25.87400,0.10200,19.36500,3.83700,-999.0,-999.0,-999.000,-999.000,-999.0,-999.0,-999.000,-999.000,-999.000,-999.0,-999.000,-999.0,-999.000,-999.0,-999.0,-999.0,-999.000,-999.000,-999.000,-999.000,-999.000,-999.000,-999.000,-999.000,-999.000,-999.000,-999.000,-999.000,-999.000,-999.000
1320300001,117.256,34.215,-999.0,-999.0,-999.0,-999.0,-999.0,-999.0,-999.0,-999.0,-999.0,-999.0,-999.0,-999.0,-999.0,-999.0,-999.0,-999.000,-999.000,-999.0,-999.0,-999.000,-999.000,-999.000,-999.0,-999.000,-999.0,-999.000,-999.0,-999.0,-999.0,-999.000,-999.000,-999.000,-999.000,-999.000,-999.000,-999.000,-999.000,-999.000,-999.000,-999.000,-999.000,-999.000,-999.000
130600003,115.482,38.926,-999.0,-999.0,-999.0,-999.0,-999.0,-999.0,-999.0,-999.0,-999.0,-999.0,-999.0,-999.0,-999.0,-999.0,-999.0,-999.000,-999.000,-999.0,-999.0,-999.000,-999.000,-999.000,-999.0,-999.000,-999.0,-999.000,-999.0,-999.0,-999.0,-999.000,-999.000,-999.000,-999.000,-999.000,-999.000,-999.000,-999.000,-999.000,-999.000,-999.000,-999.000,-999.000,-999.000
130500001,114.482,37.066,-999.0,-999.0,-999.0,-999.0,-999.0,-999.0,-999.0,-999.0,-999.0,-999.0,-999.0,-999.0,-999.0,-999.0,-999.0,-999.000,-999.000,-999.0,-999.0,-999.000,-999.000,-999.000,-999.0,-999.000,-999.0,-999.000,-999.0,-999.0,-999.0,-999.000,-999.000,-999.000,-999.000,-999.000,-999.000,-999.000,-999.000,-999.000,-999.000,-999.000,-999.000,-999.000,-999.000
110000005,116.326,39.521,-999.0,-999.0,-999.0,-999.0,-999.0,-999.0,-999.0,-999.0,-999.0,-999.0,-999.0,-999.0,-999.0,-999.0,-999.0,-999.000,-999.000,-999.0,-999.0,-999.000,-999.000,-999.000,-999.0,-999.000,-999.0,-999.000,-999.0,-999.0,-999.0,-999.000,-999.000,-999.000,-999.000,-999.000,-999.000,-999.000,-999.000,-999.000,-999.000,-999.000,-999.000,-999.000,-999.000
1640100001,106.225,38.489,-999.0,-999.0,-999.0,-999.0,-999.0,-999.0,-999.0,-999.0,-999.0,-999.0,-999.0,-999.0,-999.0,-999.0,-999.0,-999.000,-999.000,-999.0,-999.0,-999.000,-999.000,-999.000,-999.0,-999.000,-999.0,-999.000,-999.0,-999.0,-999.0,-999.000,-999.000,-999.000,-999.000,-999.000,-999.000,-999.000,-999.000,-999.000,-999.000,-999.000,-999.000,-999.000,-999.000
130700002,114.904,40.769,-999.0,-999.0,-999.0,-999.0,-999.0,-999.0,-999.0,-999.0,-999.0,-999.0,-999.0,-999.0,-999.0,-999.0,-999.0,-999.000,-999.000,-999.0,-999.0,-999.000,-999.000,-999.000,-999.0,-999.000,-999.0,-999.000,-999.0,-999.0,-999.0,-999.000,-999.000,-999.000,-999.000,-999.000,-999.000,-999.000,-999.000,-999.000,-999.000,-999.000,-999.000,-999.000,-999.000
141000001,111.526,36.063,-999.0,-999.0,0.47000,6.63400,55.22600,20.57300,2.76600,-999.0,1.69200,25.01400,0.15500,16.45800,3.85800,-999.0,-999.0,-999.000,-999.000,-999.0,-999.0,-999.000,-999.000,-999.000,-999.0,-999.000,-999.0,-999.000,-999.0,-999.0,-999.0,-999.000,-999.000,-999.000,-999.000,-999.000,-999.000,-999.000,-999.000,-999.000,-999.000,-999.000,-999.000,-999.000,-999.000
1411200001,111.278,34.716,-999.0,-999.0,-999.0,-999.0,-999.0,-999.0,-999.0,-999.0,-999.0,-999.0,-999.0,-999.0,-999.0,-999.0,-999.0,-999.000,-999.000,-999.0,-999.0,-999.000,-999.000,-999.000,-999.0,-999.000,-999.0,-999.000,-999.0,-999.0,-999.0,-999.000,-999.000,-999.000,-999.000,-999.000,-999.000,-999.000,-999.000,-999.000,-999.000,-999.000,-999.000,-999.000,-999.000
130300002,119.584,39.955,-999.0,-999.0,-999.0,-999.0,-999.0,-999.0,-999.0,-999.0,-999.0,-999.0,-999.0,-999.0,-999.0,-999.0,-999.0,-999.000,-999.000,-999.0,-999.0,-999.000,-999.000,-999.000,-999.0,-999.000,-999.0,-999.000,-999.0,-999.0,-999.0,-999.000,-999.000,-999.000,-999.000,-999.000,-999.000,-999.000,-999.000,-999.000,-999.000,-999.000,-999.000,-999.000,-999.000
140500001,112.857,35.488,-999.0,-999.0,-999.0,-999.0,-999.0,-999.0,-999.0,-999.0,-999.0,-999.0,-999.0,-999.0,-999.0,-999.0,-999.0,-999.000,-999.000,-999.0,-999.0,-999.000,-999.000,-999.000,-999.0,-999.000,-999.0,-999.000,-999.0,-999.0,-999.0,-999.000,-999.000,-999.000,-999.000,-999.000,-999.000,-999.000,-999.000,-999.000,-999.000,-999.000,-999.000,-999.000,-999.000
140300001,113.589,37.848,-999.0,-999.0,-999.0,-999.0,-999.0,-999.0,-999.0,-999.0,-999.0,-999.0,-999.0,-999.0,-999.0,-999.0,-999.0,-999.000,-999.000,-999.0,-999.0,-999.000,-999.000,-999.000,-999.0,-999.000,-999.0,-999.000,-999.0,-999.0,-999.0,-999.000,-999.000,-999.000,-999.000,-999.000,-999.000,-999.000,-999.000,-999.000,-999.000,-999.000,-999.000,-999.000,-999.000
120000005,117.042,39.384,-999.0,-999.0,-999.0,-999.0,-999.0,-999.0,-999.0,-999.0,-999.0,-999.0,-999.0,-999.0,-999.0,-999.0,-999.0,-999.000,-999.000,-999.0,-999.0,-999.000,-999.000,-999.000,-999.0,-999.000,-999.0,-999.000,-999.0,-999.0,-999.0,-999.000,-999.000,-999.000,-999.000,-999.000,-999.000,-999.000,-999.000,-999.000,-999.000,-999.000,-999.000,-999.000,-999.000
320100001,118.762,32.066,-999.0,-999.0,-999.0,-999.0,-999.0,-999.0,-999.0,-999.0,-999.0,-999.0,-999.0,-999.0,-999.0,-999.0,-999.0,-999.000,-999.000,-999.0,-999.0,-999.000,-999.000,-999.000,-999.0,-999.000,-999.0,-999.000,-999.0,-999.0,-999.0,-999.000,-999.000,-999.000,-999.000,-999.000,-999.000,-999.000,-999.000,-999.000,-999.000,-999.000,-999.000,-999.000,-999.000
370100001,117.171,36.669,-999.0,-999.0,-999.0,-999.0,-999.0,-999.0,-999.0,-999.0,-999.0,-999.0,-999.0,-999.0,-999.0,-999.0,-999.0,-999.000,-999.000,-999.0,-999.0,-999.000,-999.000,-999.000,-999.0,-999.000,-999.0,-999.000,-999.0,-999.0,-999.0,-999.000,-999.000,-999.000,-999.000,-999.000,-999.000,-999.000,-999.000,-999.000,-999.000,-999.000,-999.000,-999.000,-999.000
110000016,116.732,40.203,-999.0,-999.0,-999.0,-999.0,-999.0,-999.0,-999.0,-999.0,-999.0,-999.0,-999.0,-999.0,-999.0,-999.0,-999.0,-999.000,-999.000,-999.0,-999.0,-999.000,-999.000,-999.000,-999.0,-999.000,-999.0,-999.000,-999.0,-999.0,-999.0,-999.000,-999.000,-999.000,-999.000,-999.000,-999.000,-999.000,-999.000,-999.000,-999.000,-999.000,-999.000,-999.000,-999.000
120000004,117.283,39.683,-999.0,-999.0,-999.0,-999.0,-999.0,-999.0,-999.0,-999.0,-999.0,-999.0,-999.0,-999.0,-999.0,-999.0,-999.0,-999.000,-999.000,-999.0,-999.0,-999.000,-999.000,-999.000,-999.0,-999.000,-999.0,-999.000,-999.0,-999.0,-999.0,-999.000,-999.000,-999.000,-999.000,-999.000,-999.000,-999.000,-999.000,-999.000,-999.000,-999.000,-999.000,-999.000,-999.000
370300001,117.983,36.835,-999.0,-999.0,-999.0,-999.0,-999.0,-999.0,-999.0,-999.0,-999.0,-999.0,-999.0,27.47913,4.94013,-999.0,-999.0,-999.000,-999.000,-999.0,-999.0,-999.000,-999.000,-999.000,-999.0,-999.000,-999.0,-999.000,-999.0,-999.0,-999.0,-999.000,-999.000,-999.000,-999.000,-999.000,-999.000,-999.000,-999.000,-999.000,-999.000,-999.000,-999.000,-999.000,-999.000
130600004,115.946,38.945,-999.0,-999.0,-999.0,-999.0,-999.0,-999.0,-999.0,-999.0,-999.0,-999.0,-999.0,-999.0,-999.0,-999.0,-999.0,-999.000,-999.000,-999.0,-999.0,-999.000,-999.000,-999.000,-999.0,-999.000,-999.0,-999.000,-999.0,-999.0,-999.0,-999.000,-999.000,-999.000,-999.000,-999.000,-999.000,-999.000,-999.000,-999.000,-999.000,-999.000,-999.000,-999.000,-999.000
140400001,113.110,36.199,-999.0,-999.0,-999.0,-999.0,-999.0,-999.0,-999.0,-999.0,-999.0,-999.0,-999.0,-999.0,-999.0,-999.0,-999.0,-999.000,-999.000,-999.0,-999.0,-999.000,-999.000,-999.000,-999.0,-999.000,-999.0,-999.000,-999.0,-999.0,-999.0,-999.000,-999.000,-999.000,-999.000,-999.000,-999.000,-999.000,-999.000,-999.000,-999.000,-999.000,-999.000,-999.000,-999.000
430100001,113.090,28.204,-999.0,-999.0,-999.0,-999.0,-999.0,-999.0,-999.0,-999.0,-999.0,-999.0,-999.0,-999.0,-999.0,-999.0,-999.0,-999.000,-999.000,-999.0,-999.0,-999.000,-999.000,-999.000,-999.0,-999.000,-999.0,-999.000,-999.0,-999.0,-999.0,-999.000,-999.000,-999.000,-999.000,-999.000,-999.000,-999.000,-999.000,-999.000,-999.000,-999.000,-999.000,-999.000,-999.000
131000005,116.702,39.545,-999.0,-999.0,-999.0,-999.0,-999.0,-999.0,-999.0,-999.0,-999.0,2.47900,-999.0,-999.0,-999.0,-999.0,-999.0,-999.000,-999.000,-999.0,-999.0,-999.000,-999.000,-999.000,-999.0,-999.000,-999.0,-999.000,-999.0,-999.0,-999.0,-999.000,-999.000,-999.000,-999.000,-999.000,-999.000,-999.000,-999.000,-999.000,-999.000,-999.000,-999.000,-999.000,-999.000
110000004,116.424,40.049,-999.0,-999.0,-999.0,-999.0,-999.0,-999.0,-999.0,-999.0,-999.0,-999.0,-999.0,-999.0,-999.0,-999.0,-999.0,-999.000,-999.000,-999.0,-999.0,-999.000,-999.000,-999.000,-999.0,-999.000,-999.0,-999.000,-999.0,-999.0,-999.0,-999.000,-999.000,-999.000,-999.000,-999.000,-999.000,-999.000,-999.000,-999.000,-999.000,-999.000,-999.000,-999.000,-999.000
130900003,116.839,38.304,-999.0,-999.0,-999.0,-999.0,-999.0,-999.0,-999.0,-999.0,-999.0,-999.0,-999.0,-999.0,-999.0,-999.0,-999.0,-999.000,-999.000,-999.0,-999.0,-999.000,-999.000,-999.000,-999.0,-999.000,-999.0,-999.000,-999.0,-999.0,-999.0,-999.000,-999.000,-999.000,-999.000,-999.000,-999.000,-999.000,-999.000,-999.000,-999.000,-999.000,-999.000,-999.000,-999.000
371400003,115.823,36.952,-999.0,-999.0,-999.0,-999.0,-999.0,-999.0,-999.0,-999.0,-999.0,-999.0,-999.0,24.72405,6.77114,-999.0,-999.0,-999.000,-999.000,-999.0,-999.0,-999.000,-999.000,-999.000,-999.0,-999.000,-999.0,-999.000,-999.0,-999.0,-999.0,-999.000,-999.000,-999.000,-999.000,-999.000,-999.000,-999.000,-999.000,-999.000,-999.000,-999.000,-999.000,-999.000,-999.000
130300001,119.622,39.912,-999.0,-999.0,-999.0,-999.0,-999.0,-999.0,-999.0,-999.0,-999.0,-999.0,-999.0,-999.0,-999.0,-999.0,-999.0,-999.000,-999.000,-999.0,-999.0,-999.000,-999.000,-999.000,-999.0,-999.000,-999.0,-999.000,-999.0,-999.0,-999.0,-999.000,-999.000,-999.000,-999.000,-999.000,-999.000,-999.000,-999.000,-999.000,-999.000,-999.000,-999.000,-999.000,-999.000
131000003,116.709,39.551,-999.0,-999.0,-999.0,-999.0,-999.0,-999.0,-999.0,-999.0,-999.0,-999.0,-999.0,-999.0,-999.0,-999.0,-999.0,-999.000,-999.000,-999.0,-999.0,-999.000,-999.000,-999.000,-999.0,-999.000,-999.0,-999.000,-999.0,-999.0,-999.0,-999.000,-999.000,-999.000,-999.000,-999.000,-999.000,-999.000,-999.000,-999.000,-999.000,-999.000,-999.000,-999.000,-999.000
1320200001,120.317,31.513,-999.0,-999.0,-999.0,-999.0,-999.0,-999.0,-999.0,-999.0,-999.0,-999.0,-999.0,-999.0,-999.0,-999.0,-999.0,-999.000,-999.000,-999.0,-999.0,-999.000,-999.000,-999.000,-999.0,-999.000,-999.0,-999.000,-999.0,-999.0,-999.0,-999.000,-999.000,-999.000,-999.000,-999.000,-999.000,-999.000,-999.000,-999.000,-999.000,-999.000,-999.000,-999.000,-999.000
110000010,116.266,39.499,-999.0,-999.0,-999.0,-999.0,-999.0,-999.0,-999.0,-999.0,-999.0,-999.0,-999.0,-999.0,-999.0,-999.0,-999.0,-999.000,-999.000,-999.0,-999.0,-999.000,-999.000,-999.000,-999.0,-999.000,-999.0,-999.000,-999.0,-999.0,-999.0,-999.000,-999.000,-999.000,-999.000,-999.000,-999.000,-999.000,-999.000,-999.000,-999.000,-999.000,-999.000,-999.000,-999.000
130200001,118.130,39.634,-999.0,-999.0,-999.0,-999.0,-999.0,-999.0,-999.0,-999.0,-999.0,-999.0,-999.0,-999.0,-999.0,-999.0,-999.0,-999.000,-999.000,-999.0,-999.0,-999.000,-999.000,-999.000,-999.0,-999.000,-999.0,-999.000,-999.0,-999.0,-999.0,-999.000,-999.000,-999.000,-999.000,-999.000,-999.000,-999.000,-999.000,-999.000,-999.000,-999.000,-999.000,-999.000,-999.000
110000002,116.342,39.727,-999.0,-999.0,-999.0,-999.0,-999.0,-999.0,-999.0,-999.0,-999.0,-999.0,-999.0,-999.0,-999.0,-999.0,-999.0,-999.000,-999.000,-999.0,-999.0,-999.000,-999.000,-999.000,-999.0,-999.000,-999.0,-999.000,-999.0,-999.0,-999.0,-999.000,-999.000,-999.000,-999.000,-999.000,-999.000,-999.000,-999.000,-999.000,-999.000,-999.000,-999.000,-999.000,-999.000
131100003,115.678,37.732,-999.0,-999.0,-999.0,-999.0,-999.0,-999.0,-999.0,-999.0,-999.0,-999.0,-999.0,-999.0,-999.0,-999.0,-999.0,-999.000,-999.000,-999.0,-999.0,-999.000,-999.000,-999.000,-999.0,-999.000,-999.0,-999.000,-999.0,-999.0,-999.0,-999.000,-999.000,-999.000,-999.000,-999.000,-999.000,-999.000,-999.000,-999.000,-999.000,-999.000,-999.000,-999.000,-999.000
110000008,116.684,39.542,-999.0,-999.0,-999.0,-999.0,-999.0,-999.0,-999.0,-999.0,-999.0,-999.0,-999.0,-999.0,-999.0,-999.0,-999.0,-999.000,-999.000,-999.0,-999.0,-999.000,-999.000,-999.000,-999.0,-999.000,-999.0,-999.000,-999.0,-999.0,-999.0,-999.000,-999.000,-999.000,-999.000,-999.000,-999.000,-999.000,-999.000,-999.000,-999.000,-999.000,-999.000,-999.000,-999.000
410500002,114.398,36.089,-999.0,-999.0,-999.0,-999.0,-999.0,-999.0,-999.0,-999.0,-999.0,-999.0,-999.0,-999.0,-999.0,-999.0,-999.0,-999.000,-999.000,-999.0,-999.0,-999.000,-999.000,-999.000,-999.0,-999.000,-999.0,-999.000,-999.0,-999.0,-999.0,-999.000,-999.000,-999.000,-999.000,-999.000,-999.000,-999.000,-999.000,-999.000,-999.000,-999.000,-999.000,-999.000,-999.000
130400002,114.497,36.571,-999.0,-999.0,-999.0,-999.0,95.25100,-999.0,-999.0,-999.0,-999.0,-999.0,-999.0,-999.0,-999.0,-999.0,-999.0,-999.000,-999.000,-999.0,-999.0,-999.000,-999.000,-999.000,-999.0,-999.000,-999.0,-999.000,-999.0,-999.0,-999.0,-999.000,-999.000,-999.000,-999.000,-999.000,-999.000,-999.000,-999.000,-999.000,-999.000,-999.000,-999.000,-999.000,-999.000
370800001,116.623,35.429,-999.0,-999.0,-999.0,-999.0,-999.0,-999.0,-999.0,-999.0,-999.0,-999.0,-999.0,10.18879,2.92687,-999.0,-999.0,-999.000,-999.000,-999.0,-999.0,-999.000,-999.000,-999.000,-999.0,-999.000,-999.0,-999.000,-999.0,-999.0,-999.0,-999.000,-999.000,-999.000,-999.000,-999.000,-999.000,-999.000,-999.000,-999.000,-999.000,-999.000,-999.000,-999.000,-999.000
110000009,116.771,39.628,-999.0,-999.0,-999.0,-999.0,-999.0,-999.0,-999.0,-999.0,-999.0,-999.0,-999.0,-999.0,-999.0,-999.0,-999.0,-999.000,-999.000,-999.0,-999.0,-999.000,-999.000,-999.000,-999.0,-999.000,-999.0,-999.000,-999.0,-999.0,-999.0,-999.000,-999.000,-999.000,-999.000,-999.000,-999.000,-999.000,-999.000,-999.000,-999.000,-999.000,-999.000,-999.000,-999.000
110000011,115.831,39.542,-999.0,-999.0,-999.0,-999.0,-999.0,-999.0,-999.0,-999.0,-999.0,-999.0,-999.0,-999.0,-999.0,-999.0,-999.0,-999.000,-999.000,-999.0,-999.0,-999.000,-999.000,-999.000,-999.0,-999.000,-999.0,-999.000,-999.0,-999.0,-999.0,-999.000,-999.000,-999.000,-999.000,-999.000,-999.000,-999.000,-999.000,-999.000,-999.000,-999.000,-999.000,-999.000,-999.000
120000001,117.159,39.099,-999.0,-999.0,-999.0,-999.0,-999.0,-999.0,-999.0,-999.0,-999.0,-999.0,-999.0,-999.0,-999.0,-999.0,-999.0,-999.000,-999.000,-999.0,-999.0,-999.000,-999.000,-999.000,-999.0,-999.000,-999.0,-999.000,-999.0,-999.0,-999.0,-999.000,-999.000,-999.000,-999.000,-999.000,-999.000,-999.000,-999.000,-999.000,-999.000,-999.000,-999.000,-999.000,-999.000
131000004,117.006,39.761,-999.0,-999.0,-999.0,-999.0,-999.0,-999.0,-999.0,-999.0,-999.0,-999.0,-999.0,-999.0,-999.0,-999.0,-999.0,-999.000,-999.000,-999.0,-999.0,-999.000,-999.000,-999.000,-999.0,-999.000,-999.0,-999.000,-999.0,-999.0,-999.0,-999.000,-999.000,-999.000,-999.000,-999.000,-999.000,-999.000,-999.000,-999.000,-999.000,-999.000,-999.000,-999.000,-999.000
410900001,115.032,35.763,-999.0,-999.0,-999.0,-999.0,-999.0,-999.0,-999.0,-999.0,-999.0,-999.0,-999.0,-999.0,-999.0,-999.0,-999.0,-999.000,-999.000,-999.0,-999.0,-999.000,-999.000,-999.000,-999.0,-999.000,-999.0,-999.000,-999.0,-999.0,-999.0,-999.000,-999.000,-999.000,-999.000,-999.000,-999.000,-999.000,-999.000,-999.000,-999.000,-999.000,-999.000,-999.000,-999.000
410700002,113.924,35.303,-999.0,-999.0,-999.0,-999.0,-999.0,-999.0,-999.0,-999.0,-999.0,-999.0,-999.0,-999.0,-999.0,-999.0,-999.0,-999.000,-999.000,-999.0,-999.0,-999.000,-999.000,-999.000,-999.0,-999.000,-999.0,-999.000,-999.0,-999.0,-999.0,-999.000,-999.000,-999.000,-999.000,-999.000,-999.000,-999.000,-999.000,-999.000,-999.000,-999.000,-999.000,-999.000,-999.000
130100005,114.480,38.094,-999.0,-999.0,-999.0,-999.0,-999.0,-999.0,-999.0,-999.0,-999.0,-999.0,-999.0,-999.0,-999.0,-999.0,-999.0,-999.000,-999.000,-999.0,-999.0,-999.000,-999.000,-999.000,-999.0,-999.000,-999.0,-999.000,-999.0,-999.0,-999.0,-999.000,-999.000,-999.000,-999.000,-999.000,-999.000,-999.000,-999.000,-999.000,-999.000,-999.000,-999.000,-999.000,-999.000
120000006,117.412,40.055,-999.0,-999.0,-999.0,-999.0,-999.0,-999.0,0.16900,-999.0,-999.0,-999.0,-999.0,-999.0,-999.0,-999.0,-999.0,-999.000,-999.000,-999.0,-999.0,-999.000,-999.000,-999.000,-999.0,-999.000,-999.0,-999.000,-999.0,-999.0,-999.0,-999.000,-999.000,-999.000,-999.000,-999.000,-999.000,-999.000,-999.000,-999.000,-999.000,-999.000,-999.000,-999.000,-999.000
410100002,113.606,34.748,-999.0,-999.0,-999.0,-999.0,-999.0,-999.0,-999.0,-999.0,-999.0,-999.0,-999.0,-999.0,-999.0,-999.0,-999.0,-999.000,-999.000,-999.0,-999.0,-999.000,-999.000,-999.000,-999.0,-999.000,-999.0,-999.000,-999.0,-999.0,-999.0,-999.000,-999.000,-999.000,-999.000,-999.000,-999.000,-999.000,-999.000,-999.000,-999.000,-999.000,-999.000,-999.000,-999.000
130700003,114.895,40.834,-999.0,-999.0,-999.0,-999.0,-999.0,-999.0,-999.0,-999.0,-999.0,-999.0,-999.0,-999.0,-999.0,-999.0,-999.0,-999.000,-999.000,-999.0,-999.0,-999.000,-999.000,-999.000,-999.0,-999.000,-999.0,-999.000,-999.0,-999.0,-999.0,-999.000,-999.000,-999.000,-999.000,-999.000,-999.000,-999.000,-999.000,-999.000,-999.000,-999.000,-999.000,-999.000,-999.000
130500002,114.532,37.086,-999.0,-999.0,-999.0,-999.0,68.62000,-999.0,-999.0,-999.0,-999.0,-999.0,-999.0,15.63900,-999.0,-999.0,-999.0,-999.000,-999.000,-999.0,-999.0,-999.000,-999.000,-999.000,-999.0,-999.000,-999.0,-999.000,-999.0,-999.0,-999.0,-999.000,-999.000,-999.000,-999.000,-999.000,-999.000,-999.000,-999.000,-999.000,-999.000,-999.000,-999.000,-999.000,-999.000
410800001,113.279,35.206,-999.0,-999.0,-999.0,8.60900,-999.0,-999.0,-999.0,-999.0,-999.0,-999.0,-999.0,-999.0,-999.0,-999.0,-999.0,-999.000,-999.000,-999.0,-999.0,-999.000,-999.000,-999.000,-999.0,-999.000,-999.0,-999.000,-999.0,-999.0,-999.0,-999.000,-999.000,-999.000,-999.000,-999.000,-999.000,-999.000,-999.000,-999.000,-999.000,-999.000,-999.000,-999.000,-999.000
130200002,118.193,39.623,-999.0,-999.0,-999.0,-999.0,6.67500,2.59500,-999.0,-999.0,-999.0,2.87000,-999.0,-999.0,-999.0,-999.0,-999.0,-999.000,-999.000,-999.0,-999.0,-999.000,-999.000,-999.000,-999.0,-999.000,-999.0,-999.000,-999.0,-999.0,-999.0,-999.000,-999.000,-999.000,-999.000,-999.000,-999.000,-999.000,-999.000,-999.000,-999.000,-999.000,-999.000,-999.000,-999.000
410500001,114.399,36.089,-999.0,-999.0,-999.0,-999.0,-999.0,-999.0,-999.0,-999.0,-999.0,-999.0,-999.0,-999.0,-999.0,-999.0,-999.0,-999.000,-999.000,-999.0,-999.0,-999.000,-999.000,-999.000,-999.0,-999.000,-999.0,-999.000,-999.0,-999.0,-999.0,-999.000,-999.000,-999.000,-999.000,-999.000,-999.000,-999.000,-999.000,-999.000,-999.000,-999.000,-999.000,-999.000,-999.000
140800001,110.968,35.031,-999.0,-999.0,-999.0,3.51600,76.00500,25.11600,0.74800,0.72300,3.11600,33.37500,0.29700,16.43200,4.05900,-999.0,-999.0,-999.000,-999.000,-999.0,-999.0,-999.000,-999.000,-999.000,-999.0,-999.000,-999.0,-999.000,-999.0,-999.0,-999.0,-999.000,-999.000,-999.000,-999.000,-999.000,-999.000,-999.000,-999.000,-999.000,-999.000,-999.000,-999.000,-999.000,-999.000
371700001,115.522,35.213,-999.0,-999.0,-999.0,-999.0,-999.0,-999.0,-999.0,-999.0,-999.0,-999.0,-999.0,11.51478,2.46204,-999.0,-999.0,-999.000,-999.000,-999.0,-999.0,-999.000,-999.000,-999.000,-999.0,-999.000,-999.0,-999.000,-999.0,-999.0,-999.0,-999.000,-999.000,-999.000,-999.000,-999.000,-999.000,-999.000,-999.000,-999.000,-999.000,-999.000,-999.000,-999.000,-999.000
410100003,113.733,34.772,-999.0,-999.0,-999.0,-999.0,-999.0,-999.0,-999.0,-999.0,-999.0,-999.0,-999.0,-999.0,-999.0,-999.0,-999.0,-999.000,-999.000,-999.0,-999.0,-999.000,-999.000,-999.000,-999.0,-999.000,-999.0,-999.000,-999.0,-999.0,0.06522,-999.000,-999.000,-999.000,-999.000,-999.000,-999.000,-999.000,-999.000,-999.000,-999.000,-999.000,-999.000,-999.000,-999.000
371400002,116.362,37.444,-999.0,-999.0,-999.0,-999.0,-999.0,-999.0,-999.0,-999.0,-999.0,-999.0,-999.0,-999.0,-999.0,-999.0,-999.0,-999.000,-999.000,-999.0,-999.0,-999.000,-999.000,-999.000,-999.0,-999.000,-999.0,-999.000,-999.0,-999.0,-999.0,-999.000,-999.000,-999.000,-999.000,-999.000,-999.000,-999.000,-999.000,-999.000,-999.000,-999.000,-999.000,-999.000,-999.000
1320500001,120.630,31.286,-999.0,-999.0,-999.0,-999.0,-999.0,-999.0,-999.0,-999.0,-999.0,-999.0,-999.0,-999.0,-999.0,-999.0,-999.0,-999.000,-999.000,-999.0,-999.0,-999.000,-999.000,-999.000,-999.0,-999.000,-999.0,-999.000,-999.0,-999.0,-999.0,-999.000,-999.000,-999.000,-999.000,-999.000,-999.000,-999.000,-999.000,-999.000,-999.000,-999.000,-999.000,-999.000,-999.000
110000003,116.322,39.105,-999.0,-999.0,-999.0,-999.0,-999.0,-999.0,-999.0,-999.0,-999.0,-999.0,-999.0,-999.0,-999.0,-999.0,-999.0,-999.000,-999.000,-999.0,-999.0,-999.000,-999.000,-999.000,-999.0,-999.000,-999.0,-999.000,-999.0,-999.0,-999.0,-999.000,-999.000,-999.000,-999.000,-999.000,-999.000,-999.000,-999.000,-999.000,-999.000,-999.000,-999.000,-999.000,-999.000
350100002,119.290,26.110,-999.0,-999.0,-999.0,-999.0,-999.0,-999.0,-999.0,-999.0,-999.0,-999.0,-999.0,-999.0,-999.0,-999.0,-999.0,-999.000,-999.000,-999.0,-999.0,-999.000,-999.000,-999.000,-999.0,-999.000,-999.0,-999.000,-999.0,-999.0,-999.0,-999.000,-999.000,-999.000,-999.000,-999.000,-999.000,-999.000,-999.000,-999.000,-999.000,-999.000,-999.000,-999.000,-999.000
131100002,115.684,37.733,-999.0,-999.0,-999.0,-999.0,-999.0,-999.0,-999.0,-999.0,-999.0,-999.0,-999.0,-999.0,-999.0,-999.0,-999.0,-999.000,-999.000,-999.0,-999.0,-999.000,-999.000,-999.000,-999.0,-999.000,-999.0,-999.000,-999.0,-999.0,-999.0,-999.000,-999.000,-999.000,-999.000,-999.000,-999.000,-999.000,-999.000,-999.000,-999.000,-999.000,-999.000,-999.000,-999.000
130600002,115.481,38.836,-999.0,-999.0,-999.0,-999.0,-999.0,-999.0,-999.0,-999.0,-999.0,-999.0,-999.0,-999.0,-999.0,-999.0,-999.0,-999.000,-999.000,-999.0,-999.0,-999.000,-999.000,-999.000,-999.0,-999.000,-999.0,-999.000,-999.0,-999.0,-999.0,-999.000,-999.000,-999.000,-999.000,-999.000,-999.000,-999.000,-999.000,-999.000,-999.000,-999.000,-999.000,-999.000,-999.000
1320600001,120.948,31.991,-999.0,-999.0,-999.0,-999.0,-999.0,-999.0,-999.0,-999.0,-999.0,-999.0,-999.0,-999.0,-999.0,-999.0,-999.0,-999.000,-999.000,-999.0,-999.0,-999.000,-999.000,-999.000,-999.0,-999.000,-999.0,-999.000,-999.0,-999.0,-999.0,-999.000,-999.000,-999.000,-999.000,-999.000,-999.000,-999.000,-999.000,-999.000,-999.000,-999.000,-999.000,-999.000,-999.000
410600001,114.291,35.722,-999.0,-999.0,-999.0,-999.0,-999.0,-999.0,-999.0,-999.0,-999.0,-999.0,-999.0,40.35900,-999.0,-999.0,-999.0,-999.000,-999.000,-999.0,-999.0,-999.000,-999.000,-999.000,-999.0,-999.000,-999.0,-999.000,-999.0,-999.0,-999.0,-999.000,-999.000,-999.000,-999.000,-999.000,-999.000,-999.000,-999.000,-999.000,-999.000,-999.000,-999.000,-999.000,-999.000
370100002,117.062,36.658,-999.0,-999.0,-999.0,-999.0,-999.0,-999.0,-999.0,-999.0,-999.0,-999.0,-999.0,19.37617,10.20308,-999.0,1.43807,-999.000,-999.000,-999.0,-999.0,-999.000,-999.000,-999.000,-999.0,-999.000,-999.0,-999.000,-999.0,-999.0,-999.0,-999.000,-999.000,-999.000,-999.000,-999.000,-999.000,-999.000,-999.000,-999.000,-999.000,-999.000,-999.000,-999.000,-999.000
130100004,114.536,38.025,-999.0,-999.0,-999.0,-999.0,-999.0,-999.0,-999.0,-999.0,-999.0,-999.0,-999.0,-999.0,-999.0,-999.0,-999.0,-999.000,-999.000,-999.0,-999.0,-999.000,-999.000,-999.000,-999.0,-999.000,-999.0,-999.000,-999.0,-999.0,-999.0,-999.000,-999.000,-999.000,-999.000,-999.000,-999.000,-999.000,-999.000,-999.000,-999.000,-999.000,-999.000,-999.000,-999.000
1340100001,117.196,31.785,-999.0,-999.0,-999.0,-999.0,-999.0,-999.0,-999.0,-999.0,-999.0,-999.0,-999.0,-999.0,-999.0,-999.0,-999.0,-999.000,-999.000,-999.0,-999.0,-999.000,-999.000,-999.000,-999.0,-999.000,-999.0,-999.000,-999.0,-999.0,-999.0,-999.000,-999.000,-999.000,-999.000,-999.000,-999.000,-999.000,-999.000,-999.000,-999.000,-999.000,-999.000,-999.000,-999.000
371600001,118.006,37.380,-999.0,-999.0,-999.0,-999.0,-999.0,-999.0,-999.0,-999.0,-999.0,-999.0,-999.0,19.93329,4.31596,-999.0,-999.0,-999.000,-999.000,-999.0,-999.0,-999.000,-999.000,-999.000,-999.0,-999.000,-999.0,-999.000,-999.0,-999.0,-999.0,-999.000,-999.000,-999.000,-999.000,-999.000,-999.000,-999.000,-999.000,-999.000,-999.000,-999.000,-999.000,-999.000,-999.000
110000001,116.415,40.041,-999.0,-999.0,-999.0,-999.0,-999.0,-999.0,-999.0,-999.0,-999.0,-999.0,-999.0,-999.0,-999.0,-999.0,-999.0,-999.000,-999.000,-999.0,-999.0,-999.000,-999.000,-999.000,-999.0,-999.000,-999.0,-999.000,-999.0,-999.0,-999.0,-999.000,-999.000,-999.000,-999.000,-999.000,-999.000,-999.000,-999.000,-999.000,-999.000,-999.000,-999.000,-999.000,-999.000
110000012,116.426,40.048,53.00000,34.85400,-999.0,0.84000,3.52000,2.66000,0.14000,0.11000,0.12000,2.83000,0.04000,2.57600,-999.0,0.00157,-999.0,-999.000,-999.000,-999.0,-999.0,-999.000,-999.000,-999.000,0.33730,-999.000,-999.0,-999.000,-999.0,-999.0,-999.0,-999.000,-999.000,-999.000,-999.000,-999.000,-999.000,-999.000,-999.000,-999.000,-999.000,-999.000,-999.000,-999.000,-999.000
1306000001,116.034,39.492,-999.0,-999.0,-999.0,-999.0,-999.0,-999.0,-999.0,-999.0,-999.0,-999.0,-999.0,-999.0,-999.0,-999.0,-999.0,-999.000,-999.000,-999.0,-999.0,-999.000,-999.000,-999.000,-999.0,-999.000,-999.0,-999.000,-999.0,-999.0,-999.0,-999.000,-999.000,-999.000,-999.000,-999.000,-999.000,-999.000,-999.000,-999.000,-999.000,-999.000,-999.000,-999.000,-999.000
1307000001,114.898,40.837,-999.0,-999.0,-999.0,-999.0,-999.0,-999.0,-999.0,-999.0,-999.0,-999.0,-999.0,-999.0,-999.0,-999.0,-999.0,-999.000,-999.000,-999.0,-999.0,-999.000,-999.000,-999.000,-999.0,-999.000,-999.0,-999.000,-999.0,-999.0,-999.0,-999.000,-999.000,-999.000,-999.000,-999.000,-999.000,-999.000,-999.000,-999.000,-999.000,-999.000,-999.000,-999.000,-999.000
1311000001,115.694,37.808,-999.0,-999.0,-999.0,-999.0,-999.0,-999.0,-999.0,-999.0,-999.0,-999.0,-999.0,-999.0,-999.0,-999.0,-999.0,-999.000,-999.000,-999.0,-999.0,-999.000,-999.000,-999.000,-999.0,-999.000,-999.0,-999.000,-999.0,-999.0,-999.0,-999.000,-999.000,-999.000,-999.000,-999.000,-999.000,-999.000,-999.000,-999.000,-999.000,-999.000,-999.000,-999.000,-999.000
3701000001,117.610,36.720,-999.0,-999.0,-999.0,-999.0,-999.0,-999.0,-999.0,-999.0,-999.0,-999.0,-999.0,-999.0,-999.0,-999.0,-999.0,-999.000,-999.000,-999.0,-999.0,-999.000,-999.000,-999.000,-999.0,-999.000,-999.0,-999.000,-999.0,-999.0,-999.0,-999.000,-999.000,-999.000,-999.000,-999.000,-999.000,-999.000,-999.000,-999.000,-999.000,-999.000,-999.000,-999.000,-999.000
1200000004,117.850,39.494,-999.0,-999.0,-999.0,-999.0,-999.0,-999.0,-999.0,-999.0,-999.0,-999.0,-999.0,-999.0,-999.0,-999.0,-999.0,-999.000,-999.000,-999.0,-999.0,-999.000,-999.000,-999.000,-999.0,-999.000,-999.0,-999.000,-999.0,-999.0,-999.0,-999.000,-999.000,-999.000,-999.000,-999.000,-999.000,-999.000,-999.000,-999.000,-999.000,-999.000,-999.000,-999.000,-999.000
120000003,117.223,39.173,-999.0,-999.0,-999.0,-999.0,-999.0,-999.0,0.38100,-999.0,-999.0,-999.0,-999.0,-999.0,-999.0,0.00260,-999.0,-999.000,-999.000,-999.0,-999.0,-999.000,-999.000,-999.000,0.32070,-999.000,-999.0,-999.000,-999.0,0.02984,-999.0,-999.000,-999.000,-999.000,-999.000,-999.000,-999.000,-999.000,-999.000,-999.000,-999.000,-999.000,-999.000,-999.000,-999.000
140100001,112.547,37.874,-999.0,-999.0,-999.0,-999.0,-999.0,-999.0,-999.0,-999.0,-999.0,-999.0,-999.0,-999.0,-999.0,-999.0,-999.0,-999.000,-999.000,-999.0,-999.0,-999.000,-999.000,-999.000,-999.0,-999.000,-999.0,-999.000,-999.0,-999.0,-999.0,-999.000,-999.000,-999.000,-999.000,-999.000,-999.000,-999.000,-999.000,-999.000,-999.000,-999.000,-999.000,-999.000,-999.000
