stationcode,longitude,latitude,PM10,PM25,F-,Cl-,NO3-,SO42-,Ca2+,Na+,K+,NH4+,Mg2+,OC,EC,Hg,Br,As,Si,Te,Ti,Ba,Sc,Pd,Co,Mo,Fe,Pb,Cu,Al,Cs,Ag,Zn,Sb,Sn,Cd,Ni,Ga,Se,Cr,Mn,V,Ca,K,TI
110000006,116.041,39.597,-999.0,-999.0,-999.0,-999.0,-999.0,-999.0,-999.0,-999.0,-999.0,-999.0,-999.0,-999.0,-999.0,-999.0,-999.0,-999.0,-999.0,-999.000,-999.0,-999.0,-999.0,-999.000,-999.0,-999.0,-999.0,-999.000,-999.000,-999.0,-999.0,-999.000,-999.0,-999.000,-999.000,-999.000,-999.0,-999.0,-999.000,-999.000,-999.000,-999.000,-999.000,-999.000,-999.000
371500001,115.974,36.493,-999.0,-999.0,-999.0,-999.0,-999.0,-999.0,-999.0,-999.0,-999.0,-999.0,-999.0,11.30346,5.39937,-999.0,-999.0,-999.0,-999.0,-999.000,-999.0,-999.0,-999.0,-999.000,-999.0,-999.0,-999.0,-999.000,-999.000,-999.0,-999.0,-999.000,-999.0,-999.000,-999.000,-999.000,-999.0,-999.0,-999.000,-999.000,-999.000,-999.000,-999.000,-999.000,-999.000
150100001,111.752,40.841,-999.0,-999.0,-999.0,-999.0,-999.0,-999.0,-999.0,-999.0,-999.0,-999.0,-999.0,-999.0,-999.0,-999.0,-999.0,-999.0,-999.0,-999.000,-999.0,-999.0,-999.0,-999.000,-999.0,-999.0,-999.0,-999.000,-999.000,-999.0,-999.0,-999.000,-999.0,-999.000,-999.000,-999.000,-999.0,-999.0,-999.000,-999.000,-999.000,-999.000,-999.000,-999.000,-999.000
1320100001,118.754,32.055,-999.0,-999.0,-999.0,-999.0,-999.0,-999.0,-999.0,-999.0,-999.0,-999.0,-999.0,-999.0,-999.0,-999.0,-999.0,-999.0,-999.0,-999.000,-999.0,-999.0,-999.0,-999.000,-999.0,-999.0,-999.0,-999.000,-999.000,-999.0,-999.0,-999.000,-999.0,-999.000,-999.000,-999.000,-999.0,-999.0,-999.000,-999.000,-999.000,-999.000,-999.000,-999.000,-999.000
410200001,114.331,34.761,-999.0,-999.0,-999.0,-999.0,-999.0,-999.0,-999.0,-999.0,-999.0,-999.0,-999.0,-999.0,-999.0,-999.0,-999.0,-999.0,-999.0,-999.000,-999.0,-999.0,-999.0,-999.000,-999.0,-999.0,-999.0,-999.000,-999.000,-999.0,-999.0,-999.000,-999.0,-999.000,-999.000,-999.000,-999.0,-999.0,-999.000,-999.000,-999.000,-999.000,-999.000,-999.000,-999.000
140100002,112.482,37.719,-999.0,-999.0,-999.0,-999.0,-999.0,-999.0,-999.0,-999.0,-999.0,-999.0,-999.0,-999.0,-999.0,-999.0,-999.0,-999.0,-999.0,-999.000,-999.0,-999.0,-999.0,-999.000,-999.0,-999.0,-999.0,-999.000,-999.000,-999.0,-999.0,-999.000,-999.0,-999.000,-999.000,-999.000,0.02285,-999.0,-999.000,-999.000,-999.000,-999.000,-999.000,-999.000,-999.000
340100001,117.117,31.470,-999.0,-999.0,-999.0,-999.0,-999.0,-999.0,-999.0,-999.0,-999.0,-999.0,-999.0,-999.0,-999.0,-999.0,-999.0,-999.0,-999.0,-999.000,-999.0,-999.0,-999.0,-999.000,-999.0,-999.0,-999.0,-999.000,-999.000,-999.0,-999.0,-999.000,-999.0,-999.000,-999.000,-999.000,-999.0,-999.0,-999.000,-999.000,-999.000,-999.000,-999.000,-999.000,-999.000
410300001,112.419,34.613,-999.0,-999.0,0.01400,12.36400,72.11200,45.66100,1.19900,2.85200,3.36400,38.96400,0.08600,25.68000,8.05400,-999.0,-999.0,-999.0,-999.0,-999.000,-999.0,-999.0,-999.0,-999.000,-999.0,-999.0,-999.0,-999.000,-999.000,-999.0,-999.0,-999.000,-999.0,-999.000,-999.000,-999.000,-999.0,-999.0,-999.000,-999.000,-999.000,-999.000,-999.000,-999.000,-999.000
610100002,108.935,34.347,-999.0,-999.0,0.59400,6.13200,56.09000,23.77400,0.58300,1.02300,0.86300,27.50900,0.08600,33.93200,9.34200,-999.0,-999.0,-999.0,-999.0,-999.000,-999.0,-999.0,-999.0,-999.000,-999.0,-999.0,-999.0,-999.000,-999.000,-999.0,-999.0,-999.000,-999.0,-999.000,-999.000,-999.000,-999.0,-999.0,-999.000,-999.000,-999.000,-999.000,-999.000,-999.000,-999.000
1320300001,117.256,34.215,-999.0,-999.0,-999.0,-999.0,-999.0,-999.0,-999.0,-999.0,-999.0,-999.0,-999.0,-999.0,-999.0,-999.0,-999.0,-999.0,-999.0,-999.000,-999.0,-999.0,-999.0,-999.000,-999.0,-999.0,-999.0,-999.000,-999.000,-999.0,-999.0,-999.000,-999.0,-999.000,-999.000,-999.000,-999.0,-999.0,-999.000,-999.000,-999.000,-999.000,-999.000,-999.000,-999.000
130600003,115.482,38.926,-999.0,-999.0,-999.0,-999.0,-999.0,-999.0,-999.0,-999.0,-999.0,-999.0,-999.0,-999.0,-999.0,-999.0,-999.0,-999.0,-999.0,-999.000,-999.0,-999.0,-999.0,-999.000,-999.0,-999.0,-999.0,-999.000,-999.000,-999.0,-999.0,-999.000,-999.0,-999.000,-999.000,-999.000,-999.0,-999.0,-999.000,-999.000,-999.000,-999.000,-999.000,-999.000,-999.000
130500001,114.482,37.066,-999.0,-999.0,-999.0,-999.0,-999.0,-999.0,-999.0,-999.0,-999.0,-999.0,-999.0,-999.0,-999.0,-999.0,-999.0,-999.0,-999.0,-999.000,-999.0,-999.0,-999.0,-999.000,-999.0,-999.0,-999.0,-999.000,-999.000,-999.0,-999.0,-999.000,-999.0,-999.000,-999.000,-999.000,-999.0,-999.0,-999.000,-999.000,-999.000,-999.000,-999.000,-999.000,-999.000
110000005,116.326,39.521,-999.0,-999.0,-999.0,-999.0,-999.0,-999.0,-999.0,-999.0,-999.0,-999.0,-999.0,-999.0,-999.0,-999.0,-999.0,-999.0,-999.0,-999.000,-999.0,-999.0,-999.0,-999.000,-999.0,-999.0,-999.0,-999.000,-999.000,-999.0,-999.0,-999.000,-999.0,-999.000,-999.000,-999.000,-999.0,-999.0,-999.000,-999.000,-999.000,-999.000,-999.000,-999.000,-999.000
1640100001,106.225,38.489,-999.0,-999.0,-999.0,-999.0,-999.0,-999.0,-999.0,-999.0,-999.0,-999.0,-999.0,-999.0,-999.0,-999.0,-999.0,-999.0,-999.0,-999.000,-999.0,-999.0,-999.0,-999.000,-999.0,-999.0,-999.0,-999.000,-999.000,-999.0,-999.0,-999.000,-999.0,-999.000,-999.000,-999.000,-999.0,-999.0,-999.000,-999.000,-999.000,-999.000,-999.000,-999.000,-999.000
130700002,114.904,40.769,-999.0,-999.0,-999.0,-999.0,-999.0,-999.0,-999.0,-999.0,-999.0,-999.0,-999.0,-999.0,-999.0,-999.0,-999.0,-999.0,-999.0,-999.000,-999.0,-999.0,-999.0,-999.000,-999.0,-999.0,-999.0,-999.000,-999.000,-999.0,-999.0,-999.000,-999.0,-999.000,-999.000,-999.000,-999.0,-999.0,-999.000,-999.000,-999.000,-999.000,-999.000,-999.000,-999.000
141000001,111.526,36.063,-999.0,-999.0,-999.0,24.05900,75.71900,89.09700,0.16400,4.03600,7.82500,50.93300,0.35200,108.02900,24.45900,-999.0,-999.0,-999.0,-999.0,-999.000,-999.0,-999.0,-999.0,-999.000,-999.0,-999.0,-999.0,-999.000,-999.000,-999.0,-999.0,-999.000,-999.0,-999.000,-999.000,-999.000,-999.0,-999.0,-999.000,-999.000,-999.000,-999.000,-999.000,-999.000,-999.000
1411200001,111.278,34.716,-999.0,-999.0,-999.0,-999.0,-999.0,-999.0,-999.0,-999.0,-999.0,-999.0,-999.0,-999.0,-999.0,-999.0,-999.0,-999.0,-999.0,-999.000,-999.0,-999.0,-999.0,-999.000,-999.0,-999.0,-999.0,-999.000,-999.000,-999.0,-999.0,-999.000,-999.0,-999.000,-999.000,-999.000,-999.0,-999.0,-999.000,-999.000,-999.000,-999.000,-999.000,-999.000,-999.000
130300002,119.584,39.955,-999.0,-999.0,-999.0,-999.0,-999.0,-999.0,-999.0,-999.0,-999.0,-999.0,-999.0,-999.0,-999.0,-999.0,-999.0,-999.0,-999.0,-999.000,-999.0,-999.0,-999.0,-999.000,-999.0,-999.0,-999.0,-999.000,-999.000,-999.0,-999.0,-999.000,-999.0,-999.000,-999.000,-999.000,-999.0,-999.0,-999.000,-999.000,-999.000,-999.000,-999.000,-999.000,-999.000
140500001,112.857,35.488,-999.0,-999.0,-999.0,-999.0,-999.0,-999.0,-999.0,-999.0,-999.0,-999.0,-999.0,-999.0,-999.0,-999.0,-999.0,-999.0,-999.0,-999.000,-999.0,-999.0,-999.0,-999.000,-999.0,-999.0,-999.0,-999.000,-999.000,-999.0,-999.0,-999.000,-999.0,-999.000,-999.000,-999.000,-999.0,-999.0,-999.000,-999.000,-999.000,-999.000,-999.000,-999.000,-999.000
140300001,113.589,37.848,-999.0,-999.0,-999.0,-999.0,-999.0,-999.0,-999.0,-999.0,-999.0,-999.0,-999.0,-999.0,-999.0,-999.0,-999.0,-999.0,-999.0,-999.000,-999.0,-999.0,-999.0,-999.000,-999.0,-999.0,-999.0,-999.000,-999.000,-999.0,-999.0,-999.000,-999.0,-999.000,-999.000,-999.000,-999.0,-999.0,-999.000,-999.000,-999.000,-999.000,-999.000,-999.000,-999.000
120000005,117.042,39.384,-999.0,-999.0,1.09700,-999.0,-999.0,-999.0,-999.0,0.84900,-999.0,-999.0,-999.0,-999.0,-999.0,-999.0,-999.0,-999.0,-999.0,-999.000,-999.0,-999.0,-999.0,-999.000,-999.0,-999.0,-999.0,-999.000,-999.000,-999.0,-999.0,-999.000,-999.0,-999.000,-999.000,-999.000,-999.0,-999.0,-999.000,-999.000,-999.000,-999.000,-999.000,-999.000,-999.000
320100001,118.762,32.066,-999.0,-999.0,-999.0,-999.0,-999.0,-999.0,-999.0,-999.0,-999.0,-999.0,-999.0,-999.0,-999.0,-999.0,-999.0,-999.0,-999.0,-999.000,-999.0,-999.0,-999.0,-999.000,-999.0,-999.0,-999.0,-999.000,-999.000,-999.0,-999.0,-999.000,-999.0,-999.000,-999.000,-999.000,-999.0,-999.0,-999.000,-999.000,-999.000,-999.000,-999.000,-999.000,-999.000
370100001,117.171,36.669,-999.0,-999.0,-999.0,-999.0,-999.0,-999.0,-999.0,-999.0,-999.0,-999.0,-999.0,-999.0,-999.0,-999.0,-999.0,-999.0,-999.0,-999.000,-999.0,-999.0,-999.0,-999.000,-999.0,-999.0,-999.0,-999.000,-999.000,-999.0,-999.0,-999.000,-999.0,-999.000,-999.000,-999.000,-999.0,-999.0,-999.000,-999.000,-999.000,-999.000,-999.000,-999.000,-999.000
110000016,116.732,40.203,-999.0,-999.0,-999.0,-999.0,-999.0,-999.0,-999.0,-999.0,-999.0,-999.0,-999.0,-999.0,-999.0,-999.0,-999.0,-999.0,-999.0,-999.000,-999.0,-999.0,-999.0,-999.000,-999.0,-999.0,-999.0,-999.000,-999.000,-999.0,-999.0,-999.000,-999.0,-999.000,-999.000,-999.000,-999.0,-999.0,-999.000,-999.000,-999.000,-999.000,-999.000,-999.000,-999.000
120000004,117.283,39.683,-999.0,-999.0,-999.0,-999.0,-999.0,-999.0,-999.0,-999.0,-999.0,-999.0,-999.0,-999.0,-999.0,-999.0,-999.0,-999.0,-999.0,-999.000,-999.0,-999.0,-999.0,-999.000,-999.0,-999.0,-999.0,-999.000,-999.000,-999.0,-999.0,-999.000,-999.0,-999.000,-999.000,-999.000,-999.0,-999.0,-999.000,-999.000,-999.000,-999.000,-999.000,-999.000,-999.000
370300001,117.983,36.835,-999.0,-999.0,-999.0,-999.0,-999.0,-999.0,-999.0,-999.0,-999.0,-999.0,-999.0,10.90113,3.08222,-999.0,-999.0,-999.0,-999.0,-999.000,-999.0,-999.0,-999.0,-999.000,-999.0,-999.0,-999.0,-999.000,-999.000,-999.0,-999.0,-999.000,-999.0,-999.000,-999.000,-999.000,-999.0,-999.0,-999.000,-999.000,-999.000,-999.000,-999.000,-999.000,-999.000
130600004,115.946,38.945,-999.0,-999.0,-999.0,-999.0,-999.0,-999.0,-999.0,-999.0,2.34500,-999.0,-999.0,-999.0,-999.0,-999.0,-999.0,-999.0,-999.0,-999.000,-999.0,-999.0,-999.0,-999.000,-999.0,-999.0,-999.0,-999.000,-999.000,-999.0,-999.0,-999.000,-999.0,-999.000,-999.000,-999.000,-999.0,-999.0,-999.000,-999.000,-999.000,-999.000,-999.000,-999.000,-999.000
140400001,113.110,36.199,-999.0,-999.0,-999.0,-999.0,-999.0,-999.0,-999.0,-999.0,-999.0,-999.0,-999.0,-999.0,-999.0,-999.0,-999.0,-999.0,-999.0,-999.000,-999.0,-999.0,-999.0,-999.000,-999.0,-999.0,-999.0,-999.000,-999.000,-999.0,-999.0,-999.000,-999.0,-999.000,-999.000,-999.000,-999.0,-999.0,-999.000,-999.000,-999.000,-999.000,-999.000,-999.000,-999.000
430100001,113.090,28.204,-999.0,-999.0,-999.0,-999.0,-999.0,-999.0,-999.0,-999.0,-999.0,-999.0,-999.0,-999.0,-999.0,-999.0,-999.0,-999.0,-999.0,-999.000,-999.0,-999.0,-999.0,-999.000,-999.0,-999.0,-999.0,-999.000,-999.000,-999.0,-999.0,-999.000,-999.0,-999.000,-999.000,-999.000,-999.0,-999.0,-999.000,-999.000,-999.000,-999.000,-999.000,-999.000,-999.000
131000005,116.702,39.545,-999.0,-999.0,-999.0,-999.0,2.79400,-999.0,-999.0,-999.0,-999.0,-999.0,-999.0,-999.0,-999.0,-999.0,-999.0,-999.0,-999.0,-999.000,-999.0,-999.0,-999.0,-999.000,-999.0,-999.0,-999.0,-999.000,-999.000,-999.0,-999.0,-999.000,-999.0,-999.000,-999.000,-999.000,-999.0,-999.0,-999.000,-999.000,-999.000,-999.000,-999.000,-999.000,-999.000
110000004,116.424,40.049,-999.0,-999.0,-999.0,-999.0,-999.0,-999.0,-999.0,-999.0,-999.0,-999.0,-999.0,-999.0,-999.0,-999.0,-999.0,-999.0,-999.0,-999.000,-999.0,-999.0,-999.0,-999.000,-999.0,-999.0,-999.0,-999.000,-999.000,-999.0,-999.0,-999.000,-999.0,-999.000,-999.000,-999.000,-999.0,-999.0,-999.000,-999.000,-999.000,-999.000,-999.000,-999.000,-999.000
130900003,116.839,38.304,-999.0,-999.0,-999.0,-999.0,-999.0,-999.0,-999.0,-999.0,-999.0,-999.0,-999.0,-999.0,-999.0,-999.0,-999.0,-999.0,-999.0,-999.000,-999.0,-999.0,-999.0,-999.000,-999.0,-999.0,-999.0,-999.000,-999.000,-999.0,-999.0,-999.000,-999.0,-999.000,-999.000,-999.000,-999.0,-999.0,-999.000,-999.000,-999.000,-999.000,-999.000,-999.000,-999.000
371400003,115.823,36.952,-999.0,-999.0,-999.0,-999.0,-999.0,-999.0,-999.0,-999.0,-999.0,-999.0,-999.0,12.43000,3.92530,-999.0,-999.0,-999.0,-999.0,-999.000,-999.0,-999.0,-999.0,-999.000,-999.0,-999.0,-999.0,-999.000,-999.000,-999.0,-999.0,-999.000,-999.0,-999.000,-999.000,-999.000,-999.0,-999.0,-999.000,-999.000,-999.000,-999.000,-999.000,-999.000,-999.000
130300001,119.622,39.912,-999.0,-999.0,-999.0,-999.0,-999.0,-999.0,-999.0,-999.0,-999.0,-999.0,-999.0,-999.0,-999.0,-999.0,-999.0,-999.0,-999.0,-999.000,-999.0,-999.0,-999.0,-999.000,-999.0,-999.0,-999.0,-999.000,-999.000,-999.0,-999.0,-999.000,-999.0,-999.000,-999.000,-999.000,-999.0,-999.0,-999.000,-999.000,-999.000,-999.000,-999.000,-999.000,-999.000
131000003,116.709,39.551,-999.0,-999.0,-999.0,-999.0,-999.0,-999.0,-999.0,-999.0,-999.0,-999.0,-999.0,-999.0,-999.0,-999.0,-999.0,-999.0,-999.0,-999.000,-999.0,-999.0,-999.0,-999.000,-999.0,-999.0,-999.0,-999.000,-999.000,-999.0,-999.0,-999.000,-999.0,-999.000,-999.000,-999.000,-999.0,-999.0,-999.000,-999.000,-999.000,-999.000,-999.000,-999.000,-999.000
1320200001,120.317,31.513,-999.0,-999.0,-999.0,-999.0,-999.0,-999.0,-999.0,-999.0,-999.0,-999.0,-999.0,-999.0,-999.0,-999.0,-999.0,-999.0,-999.0,-999.000,-999.0,-999.0,-999.0,-999.000,-999.0,-999.0,-999.0,-999.000,-999.000,-999.0,-999.0,-999.000,-999.0,-999.000,-999.000,-999.000,-999.0,-999.0,-999.000,-999.000,-999.000,-999.000,-999.000,-999.000,-999.000
110000010,116.266,39.499,-999.0,-999.0,-999.0,-999.0,-999.0,-999.0,-999.0,-999.0,-999.0,-999.0,-999.0,-999.0,-999.0,-999.0,-999.0,-999.0,-999.0,-999.000,-999.0,-999.0,-999.0,-999.000,-999.0,-999.0,-999.0,-999.000,-999.000,-999.0,-999.0,-999.000,-999.0,-999.000,-999.000,-999.000,-999.0,-999.0,-999.000,-999.000,-999.000,-999.000,-999.000,-999.000,-999.000
130200001,118.130,39.634,-999.0,-999.0,-999.0,-999.0,-999.0,-999.0,-999.0,-999.0,-999.0,-999.0,-999.0,-999.0,-999.0,-999.0,-999.0,-999.0,-999.0,-999.000,-999.0,-999.0,-999.0,-999.000,-999.0,-999.0,-999.0,-999.000,-999.000,-999.0,-999.0,-999.000,-999.0,-999.000,-999.000,-999.000,-999.0,-999.0,-999.000,-999.000,-999.000,-999.000,-999.000,-999.000,-999.000
110000002,116.342,39.727,-999.0,-999.0,-999.0,-999.0,-999.0,-999.0,-999.0,-999.0,-999.0,-999.0,-999.0,-999.0,-999.0,-999.0,-999.0,-999.0,-999.0,-999.000,-999.0,-999.0,-999.0,-999.000,-999.0,-999.0,-999.0,-999.000,-999.000,-999.0,-999.0,-999.000,-999.0,-999.000,-999.000,-999.000,-999.0,-999.0,-999.000,-999.000,-999.000,-999.000,-999.000,-999.000,-999.000
131100003,115.678,37.732,-999.0,-999.0,-999.0,-999.0,-999.0,-999.0,-999.0,-999.0,-999.0,-999.0,-999.0,-999.0,-999.0,-999.0,-999.0,-999.0,-999.0,-999.000,-999.0,-999.0,-999.0,-999.000,-999.0,-999.0,-999.0,-999.000,-999.000,-999.0,-999.0,-999.000,-999.0,-999.000,-999.000,-999.000,-999.0,-999.0,-999.000,-999.000,-999.000,-999.000,-999.000,-999.000,-999.000
110000008,116.684,39.542,-999.0,-999.0,-999.0,-999.0,-999.0,-999.0,-999.0,-999.0,-999.0,-999.0,-999.0,-999.0,-999.0,-999.0,-999.0,-999.0,-999.0,-999.000,-999.0,-999.0,-999.0,-999.000,-999.0,-999.0,-999.0,-999.000,-999.000,-999.0,-999.0,-999.000,-999.0,-999.000,-999.000,-999.000,-999.0,-999.0,-999.000,-999.000,-999.000,-999.000,-999.000,-999.000,-999.000
410500002,114.398,36.089,-999.0,-999.0,-999.0,-999.0,-999.0,-999.0,-999.0,-999.0,-999.0,-999.0,-999.0,-999.0,-999.0,-999.0,-999.0,-999.0,-999.0,-999.000,-999.0,-999.0,-999.0,-999.000,-999.0,-999.0,-999.0,-999.000,-999.000,-999.0,-999.0,-999.000,-999.0,-999.000,-999.000,-999.000,-999.0,-999.0,-999.000,-999.000,-999.000,-999.000,-999.000,-999.000,-999.000
130400002,114.497,36.571,-999.0,-999.0,-999.0,-999.0,-999.0,-999.0,-999.0,-999.0,-999.0,14.41600,-999.0,-999.0,-999.0,-999.0,-999.0,-999.0,-999.0,-999.000,-999.0,-999.0,-999.0,-999.000,-999.0,-999.0,-999.0,-999.000,-999.000,-999.0,-999.0,-999.000,-999.0,-999.000,-999.000,-999.000,-999.0,-999.0,-999.000,-999.000,-999.000,-999.000,-999.000,-999.000,-999.000
370800001,116.623,35.429,-999.0,-999.0,-999.0,-999.0,-999.0,-999.0,-999.0,-999.0,-999.0,-999.0,-999.0,11.38446,7.20883,-999.0,-999.0,-999.0,-999.0,-999.000,-999.0,-999.0,-999.0,-999.000,-999.0,-999.0,-999.0,-999.000,-999.000,-999.0,-999.0,-999.000,-999.0,-999.000,-999.000,-999.000,-999.0,-999.0,-999.000,-999.000,-999.000,-999.000,-999.000,-999.000,-999.000
110000009,116.771,39.628,-999.0,-999.0,-999.0,30.10000,0.25000,200.00000,-999.0,3000.00000,0.14000,0.25000,-999.0,-999.0,-999.0,-999.0,-999.0,-999.0,-999.0,-999.000,-999.0,-999.0,-999.0,-999.000,-999.0,-999.0,-999.0,-999.000,-999.000,-999.0,-999.0,-999.000,-999.0,-999.000,-999.000,-999.000,-999.0,-999.0,-999.000,-999.000,-999.000,-999.000,-999.000,-999.000,-999.000
110000011,115.831,39.542,-999.0,-999.0,3.46740,0.15530,6.11800,0.09440,-999.0,10.43530,0.05360,2.08330,0.25970,-999.0,-999.0,-999.0,-999.0,-999.0,-999.0,-999.000,-999.0,-999.0,-999.0,-999.000,-999.0,-999.0,-999.0,-999.000,-999.000,-999.0,-999.0,-999.000,-999.0,-999.000,-999.000,-999.000,-999.0,-999.0,-999.000,-999.000,-999.000,-999.000,-999.000,-999.000,-999.000
120000001,117.159,39.099,-999.0,-999.0,-999.0,-999.0,-999.0,-999.0,-999.0,-999.0,-999.0,-999.0,-999.0,-999.0,-999.0,-999.0,-999.0,-999.0,-999.0,-999.000,-999.0,-999.0,-999.0,-999.000,-999.0,-999.0,-999.0,-999.000,-999.000,-999.0,-999.0,-999.000,-999.0,-999.000,-999.000,-999.000,-999.0,-999.0,-999.000,-999.000,-999.000,-999.000,-999.000,-999.000,-999.000
131000004,117.006,39.761,-999.0,-999.0,-999.0,-999.0,-999.0,-999.0,-999.0,-999.0,-999.0,-999.0,-999.0,-999.0,-999.0,-999.0,-999.0,-999.0,-999.0,-999.000,-999.0,-999.0,-999.0,-999.000,-999.0,-999.0,-999.0,-999.000,-999.000,-999.0,-999.0,-999.000,-999.0,-999.000,-999.000,-999.000,-999.0,-999.0,-999.000,-999.000,-999.000,-999.000,-999.000,-999.000,-999.000
410900001,115.032,35.763,-999.0,-999.0,-999.0,-999.0,-999.0,-999.0,-999.0,-999.0,-999.0,-999.0,-999.0,-999.0,-999.0,-999.0,-999.0,-999.0,-999.0,-999.000,-999.0,-999.0,-999.0,-999.000,-999.0,-999.0,-999.0,-999.000,-999.000,-999.0,-999.0,-999.000,-999.0,-999.000,-999.000,-999.000,-999.0,-999.0,-999.000,-999.000,-999.000,-999.000,-999.000,-999.000,-999.000
410700002,113.924,35.303,-999.0,-999.0,-999.0,-999.0,-999.0,-999.0,-999.0,-999.0,-999.0,-999.0,-999.0,-999.0,-999.0,-999.0,-999.0,-999.0,-999.0,-999.000,-999.0,-999.0,-999.0,-999.000,-999.0,-999.0,-999.0,-999.000,-999.000,-999.0,-999.0,-999.000,-999.0,-999.000,-999.000,-999.000,-999.0,-999.0,-999.000,-999.000,-999.000,-999.000,-999.000,-999.000,-999.000
130100005,114.480,38.094,-999.0,-999.0,-999.0,6.96000,-999.0,-999.0,-999.0,-999.0,-999.0,-999.0,-999.0,-999.0,-999.0,-999.0,0.04525,-999.0,-999.0,-999.000,-999.0,-999.0,-999.0,-999.000,-999.0,-999.0,-999.0,-999.000,-999.000,2.05004,0.00412,-999.000,-999.0,-999.000,-999.000,-999.000,-999.0,-999.0,-999.000,-999.000,-999.000,-999.000,-999.000,-999.000,-999.000
120000006,117.412,40.055,-999.0,-999.0,-999.0,-999.0,-999.0,-999.0,-999.0,-999.0,-999.0,0.31300,0.02000,-999.0,-999.0,-999.0,-999.0,-999.0,-999.0,-999.000,-999.0,-999.0,-999.0,-999.000,-999.0,-999.0,-999.0,-999.000,-999.000,-999.0,-999.0,-999.000,-999.0,-999.000,-999.000,-999.000,-999.0,-999.0,-999.000,-999.000,-999.000,-999.000,-999.000,-999.000,-999.000
410100002,113.606,34.748,-999.0,-999.0,-999.0,-999.0,-999.0,-999.0,-999.0,-999.0,-999.0,-999.0,-999.0,-999.0,-999.0,-999.0,-999.0,-999.0,-999.0,-999.000,-999.0,-999.0,-999.0,-999.000,-999.0,-999.0,-999.0,-999.000,-999.000,-999.0,-999.0,-999.000,-999.0,-999.000,-999.000,-999.000,-999.0,-999.0,-999.000,-999.000,-999.000,-999.000,-999.000,-999.000,-999.000
130700003,114.895,40.834,-999.0,-999.0,-999.0,-999.0,-999.0,-999.0,-999.0,-999.0,-999.0,-999.0,-999.0,-999.0,-999.0,-999.0,-999.0,-999.0,-999.0,-999.000,-999.0,-999.0,-999.0,-999.000,-999.0,-999.0,-999.0,-999.000,-999.000,-999.0,-999.0,-999.000,-999.0,-999.000,-999.000,-999.000,-999.0,-999.0,-999.000,-999.000,-999.000,-999.000,-999.000,-999.000,-999.000
130500002,114.532,37.086,-999.0,-999.0,-999.0,-999.0,28.79800,-999.0,-999.0,-999.0,-999.0,-999.0,-999.0,-999.0,-999.0,-999.0,-999.0,-999.0,-999.0,-999.000,-999.0,-999.0,-999.0,-999.000,-999.0,-999.0,-999.0,-999.000,-999.000,-999.0,-999.0,-999.000,-999.0,-999.000,-999.000,-999.000,-999.0,-999.0,-999.000,-999.000,-999.000,-999.000,-999.000,-999.000,-999.000
410800001,113.279,35.206,-999.0,-999.0,-999.0,-999.0,-999.0,-999.0,-999.0,-999.0,-999.0,-999.0,-999.0,-999.0,-999.0,-999.0,-999.0,-999.0,-999.0,-999.000,-999.0,-999.0,-999.0,-999.000,-999.0,-999.0,-999.0,-999.000,-999.000,-999.0,-999.0,-999.000,-999.0,-999.000,-999.000,-999.000,-999.0,-999.0,-999.000,-999.000,-999.000,-999.000,-999.000,-999.000,-999.000
130200002,118.193,39.623,-999.0,-999.0,2.81400,-999.0,-999.0,-999.0,-999.0,-999.0,-999.0,-999.0,-999.0,-999.0,-999.0,-999.0,-999.0,-999.0,-999.0,-999.000,-999.0,-999.0,-999.0,-999.000,-999.0,-999.0,-999.0,-999.000,-999.000,-999.0,-999.0,-999.000,-999.0,-999.000,-999.000,-999.000,-999.0,-999.0,-999.000,-999.000,-999.000,-999.000,-999.000,-999.000,-999.000
410500001,114.399,36.089,-999.0,-999.0,-999.0,-999.0,-999.0,-999.0,-999.0,-999.0,-999.0,-999.0,-999.0,-999.0,-999.0,-999.0,-999.0,-999.0,-999.0,-999.000,-999.0,-999.0,-999.0,-999.000,-999.0,-999.0,-999.0,-999.000,-999.000,-999.0,-999.0,-999.000,-999.0,-999.000,-999.000,-999.000,-999.0,-999.0,-999.000,-999.000,-999.000,-999.000,-999.000,-999.000,-999.000
140800001,110.968,35.031,-999.0,-999.0,-999.0,8.62100,50.38300,25.89100,0.95300,1.99000,2.46700,31.58900,0.13800,71.81300,21.53500,-999.0,-999.0,-999.0,-999.0,-999.000,-999.0,-999.0,-999.0,-999.000,-999.0,-999.0,-999.0,-999.000,-999.000,-999.0,-999.0,-999.000,-999.0,-999.000,-999.000,-999.000,-999.0,-999.0,-999.000,-999.000,-999.000,-999.000,-999.000,-999.000,-999.000
371700001,115.522,35.213,-999.0,-999.0,-999.0,-999.0,-999.0,-999.0,-999.0,-999.0,-999.0,-999.0,-999.0,11.02425,3.46942,-999.0,-999.0,-999.0,-999.0,-999.000,-999.0,-999.0,-999.0,-999.000,-999.0,-999.0,-999.0,-999.000,-999.000,-999.0,-999.0,-999.000,-999.0,-999.000,-999.000,-999.000,-999.0,-999.0,-999.000,-999.000,-999.000,-999.000,-999.000,-999.000,-999.000
410100003,113.733,34.772,-999.0,-999.0,-999.0,-999.0,-999.0,-999.0,-999.0,-999.0,-999.0,-999.0,-999.0,-999.0,-999.0,-999.0,-999.0,0.02502,-999.0,-999.000,0.05593,-999.0,0.02026,-999.000,-999.0,0.05296,1.48377,-999.000,-999.000,-999.0,0.01862,-999.000,-999.0,-999.000,-999.000,-999.000,0.00579,-999.0,-999.000,-999.000,-999.000,-999.000,-999.000,-999.000,-999.000
371400002,116.362,37.444,-999.0,-999.0,-999.0,-999.0,-999.0,-999.0,-999.0,-999.0,-999.0,-999.0,-999.0,-999.0,-999.0,-999.0,-999.0,-999.0,-999.0,-999.000,-999.0,-999.0,-999.0,-999.000,-999.0,-999.0,-999.0,-999.000,-999.000,-999.0,-999.0,-999.000,-999.0,-999.000,-999.000,-999.000,-999.0,-999.0,-999.000,-999.000,-999.000,-999.000,-999.000,-999.000,-999.000
1320500001,120.630,31.286,-999.0,-999.0,-999.0,-999.0,-999.0,-999.0,-999.0,-999.0,-999.0,-999.0,-999.0,-999.0,-999.0,-999.0,-999.0,-999.0,-999.0,-999.000,-999.0,-999.0,-999.0,-999.000,-999.0,-999.0,-999.0,-999.000,-999.000,-999.0,-999.0,-999.000,-999.0,-999.000,-999.000,-999.000,-999.0,-999.0,-999.000,-999.000,-999.000,-999.000,-999.000,-999.000,-999.000
110000003,116.322,39.105,-999.0,-999.0,-999.0,-999.0,-999.0,-999.0,-999.0,-999.0,-999.0,-999.0,-999.0,-999.0,-999.0,-999.0,-999.0,-999.0,-999.0,-999.000,-999.0,-999.0,-999.0,-999.000,-999.0,-999.0,-999.0,-999.000,-999.000,-999.0,-999.0,-999.000,-999.0,-999.000,-999.000,-999.000,-999.0,-999.0,-999.000,-999.000,-999.000,-999.000,-999.000,-999.000,-999.000
350100002,119.290,26.110,-999.0,-999.0,-999.0,-999.0,-999.0,-999.0,-999.0,-999.0,-999.0,-999.0,-999.0,-999.0,-999.0,-999.0,-999.0,-999.0,-999.0,-999.000,-999.0,-999.0,-999.0,-999.000,-999.0,-999.0,-999.0,-999.000,-999.000,-999.0,-999.0,-999.000,-999.0,-999.000,-999.000,-999.000,-999.0,-999.0,-999.000,-999.000,-999.000,-999.000,-999.000,-999.000,-999.000
131100002,115.684,37.733,-999.0,-999.0,-999.0,-999.0,-999.0,-999.0,-999.0,-999.0,-999.0,-999.0,-999.0,-999.0,-999.0,-999.0,-999.0,-999.0,-999.0,-999.000,-999.0,-999.0,-999.0,-999.000,-999.0,-999.0,-999.0,-999.000,-999.000,-999.0,-999.0,-999.000,-999.0,-999.000,-999.000,-999.000,-999.0,-999.0,-999.000,-999.000,-999.000,-999.000,-999.000,-999.000,-999.000
130600002,115.481,38.836,-999.0,-999.0,-999.0,-999.0,-999.0,-999.0,-999.0,-999.0,-999.0,-999.0,-999.0,-999.0,-999.0,-999.0,-999.0,-999.0,-999.0,-999.000,-999.0,-999.0,-999.0,-999.000,-999.0,-999.0,-999.0,-999.000,-999.000,-999.0,-999.0,-999.000,-999.0,-999.000,-999.000,-999.000,-999.0,-999.0,-999.000,-999.000,-999.000,-999.000,-999.000,-999.000,-999.000
1320600001,120.948,31.991,-999.0,-999.0,-999.0,-999.0,-999.0,-999.0,-999.0,-999.0,-999.0,-999.0,-999.0,-999.0,-999.0,-999.0,-999.0,-999.0,-999.0,-999.000,-999.0,-999.0,-999.0,-999.000,-999.0,-999.0,-999.0,-999.000,-999.000,-999.0,-999.0,-999.000,-999.0,-999.000,-999.000,-999.000,-999.0,-999.0,-999.000,-999.000,-999.000,-999.000,-999.000,-999.000,-999.000
410600001,114.291,35.722,-999.0,-999.0,-999.0,-999.0,-999.0,-999.0,-999.0,-999.0,-999.0,-999.0,-999.0,-999.0,-999.0,-999.0,-999.0,-999.0,-999.0,-999.000,-999.0,-999.0,-999.0,-999.000,-999.0,-999.0,-999.0,-999.000,-999.000,-999.0,-999.0,-999.000,-999.0,-999.000,-999.000,-999.000,-999.0,-999.0,-999.000,-999.000,-999.000,-999.000,-999.000,-999.000,-999.000
370100002,117.062,36.658,-999.0,-999.0,-999.0,-999.0,-999.0,-999.0,-999.0,-999.0,-999.0,-999.0,-999.0,7.12392,2.56862,-999.0,0.02814,0.01121,0.67267,-999.000,0.01476,0.03794,0.00069,-999.000,0.00203,-999.0,-999.0,-999.000,-999.000,-999.0,0.00533,-999.000,-999.0,-999.000,-999.000,-999.000,-999.0,0.01156,-999.000,-999.000,-999.000,-999.000,-999.000,-999.000,-999.000
130100004,114.536,38.025,-999.0,-999.0,-999.0,-999.0,-999.0,-999.0,-999.0,-999.0,-999.0,-999.0,-999.0,-999.0,-999.0,-999.0,-999.0,-999.0,-999.0,-999.000,-999.0,-999.0,-999.0,-999.000,-999.0,-999.0,-999.0,-999.000,-999.000,-999.0,-999.0,-999.000,-999.0,-999.000,-999.000,-999.000,-999.0,-999.0,-999.000,-999.000,-999.000,-999.000,-999.000,-999.000,-999.000
1340100001,117.196,31.785,-999.0,-999.0,-999.0,-999.0,-999.0,-999.0,-999.0,-999.0,-999.0,-999.0,-999.0,-999.0,-999.0,-999.0,-999.0,-999.0,-999.0,-999.000,-999.0,-999.0,-999.0,-999.000,-999.0,-999.0,-999.0,-999.000,-999.000,-999.0,-999.0,-999.000,-999.0,-999.000,-999.000,-999.000,-999.0,-999.0,-999.000,-999.000,-999.000,-999.000,-999.000,-999.000,-999.000
371600001,118.006,37.380,-999.0,-999.0,-999.0,-999.0,-999.0,-999.0,-999.0,-999.0,-999.0,-999.0,-999.0,6.18271,2.52896,-999.0,-999.0,-999.0,-999.0,-999.000,-999.0,-999.0,-999.0,-999.000,-999.0,-999.0,-999.0,-999.000,-999.000,-999.0,-999.0,-999.000,-999.0,-999.000,-999.000,-999.000,-999.0,-999.0,-999.000,-999.000,-999.000,-999.000,-999.000,-999.000,-999.000
110000001,116.415,40.041,-999.0,-999.0,-999.0,-999.0,-999.0,-999.0,-999.0,-999.0,-999.0,-999.0,-999.0,-999.0,-999.0,-999.0,-999.0,-999.0,-999.0,-999.000,-999.0,-999.0,-999.0,-999.000,-999.0,-999.0,-999.0,-999.000,-999.000,-999.0,-999.0,-999.000,-999.0,-999.000,-999.000,-999.000,-999.0,-999.0,-999.000,-999.000,-999.000,-999.000,-999.000,-999.000,-999.000
110000012,116.426,40.048,29.72000,18.93600,0.16400,-999.0,-999.0,1.57300,-999.0,-999.0,-999.0,-999.0,-999.0,0.51000,0.05000,0.00129,-999.0,-999.0,-999.0,-999.000,-999.0,-999.0,-999.0,-999.000,-999.0,-999.0,-999.0,-999.000,-999.000,-999.0,-999.0,-999.000,0.00151,-999.000,-999.000,-999.000,-999.0,0.00875,-999.000,-999.000,-999.000,-999.000,-999.000,-999.000,-999.000
1306000001,116.034,39.492,-999.0,-999.0,-999.0,-999.0,-999.0,-999.0,-999.0,-999.0,-999.0,-999.0,-999.0,-999.0,-999.0,-999.0,-999.0,-999.0,-999.0,-999.000,-999.0,-999.0,-999.0,-999.000,-999.0,-999.0,-999.0,-999.000,-999.000,-999.0,-999.0,-999.000,-999.0,-999.000,-999.000,-999.000,-999.0,-999.0,-999.000,-999.000,-999.000,-999.000,-999.000,-999.000,-999.000
1307000001,114.898,40.837,-999.0,-999.0,-999.0,-999.0,-999.0,-999.0,-999.0,-999.0,-999.0,-999.0,-999.0,-999.0,-999.0,-999.0,-999.0,-999.0,-999.0,-999.000,-999.0,-999.0,-999.0,-999.000,-999.0,-999.0,-999.0,-999.000,-999.000,-999.0,-999.0,-999.000,-999.0,-999.000,-999.000,-999.000,-999.0,-999.0,-999.000,-999.000,-999.000,-999.000,-999.000,-999.000,-999.000
1311000001,115.694,37.808,-999.0,-999.0,-999.0,-999.0,-999.0,-999.0,-999.0,-999.0,-999.0,-999.0,-999.0,-999.0,-999.0,-999.0,-999.0,-999.0,-999.0,-999.000,-999.0,-999.0,-999.0,-999.000,-999.0,-999.0,-999.0,-999.000,-999.000,-999.0,-999.0,-999.000,-999.0,-999.000,-999.000,-999.000,-999.0,-999.0,-999.000,-999.000,-999.000,-999.000,-999.000,-999.000,-999.000
3701000001,117.610,36.720,-999.0,-999.0,-999.0,-999.0,-999.0,-999.0,-999.0,-999.0,-999.0,-999.0,-999.0,-999.0,-999.0,-999.0,-999.0,-999.0,-999.0,-999.000,-999.0,-999.0,-999.0,-999.000,-999.0,-999.0,-999.0,-999.000,-999.000,-999.0,-999.0,-999.000,-999.0,-999.000,-999.000,-999.000,-999.0,-999.0,-999.000,-999.000,-999.000,-999.000,-999.000,-999.000,-999.000
1200000004,117.850,39.494,-999.0,-999.0,-999.0,-999.0,-999.0,-999.0,-999.0,-999.0,-999.0,-999.0,-999.0,-999.0,-999.0,-999.0,-999.0,-999.0,-999.0,-999.000,-999.0,-999.0,-999.0,-999.000,-999.0,-999.0,-999.0,-999.000,-999.000,-999.0,-999.0,-999.000,-999.0,-999.000,-999.000,-999.000,-999.0,-999.0,-999.000,-999.000,-999.000,-999.000,-999.000,-999.000,-999.000
120000003,117.223,39.173,-999.0,-999.0,-999.0,-999.0,-999.0,-999.0,-999.0,-999.0,-999.0,-999.0,-999.0,-999.0,-999.0,-999.0,-999.0,-999.0,-999.0,-999.000,-999.0,-999.0,-999.0,-999.000,-999.0,-999.0,-999.0,-999.000,-999.000,-999.0,-999.0,-999.000,-999.0,-999.000,-999.000,-999.000,-999.0,-999.0,-999.000,-999.000,-999.000,-999.000,-999.000,-999.000,-999.000
140100001,112.547,37.874,-999.0,-999.0,-999.0,-999.0,-999.0,-999.0,-999.0,-999.0,-999.0,-999.0,-999.0,-999.0,-999.0,-999.0,-999.0,-999.0,-999.0,-999.000,-999.0,-999.0,-999.0,-999.000,-999.0,-999.0,-999.0,-999.000,-999.000,-999.0,-999.0,-999.000,-999.0,-999.000,-999.000,-999.000,-999.0,-999.0,-999.000,-999.000,-999.000,-999.000,-999.000,-999.000,-999.000
